0,1
0,1
1,1
1,1
2,1
3,1
3,1
3,1
4,0
5,1
5,1
6,1
6,1
6,1
7,1
9,0
11,0
12,1
12,1
14,1
14,1
15,1
15,1
16,1
16,1
17,0
17,1
17,1
18,0
22,1
23,1
25,1
26,1
29,1
30,1
31,1
32,1
32,1
32,1
33,1
33,1
33,1
33,1
33,1
33,1
34,1
40,1
42,1
49,1
53,1
53,1
54,1
55,0
55,1
56,0
59,1
61,1
67,0
67,1
67,1
68,1
68,1
69,0
79,0
79,0
81,1
84,1
149,1
152,1
153,1
171,0
172,0
181,0
186,0
186,0
186,0
186,1
187,1
187,1
189,1
189,1
191,0
191,1
193,0
193,0
193,1
195,1
195,1
200,1
201,1
207,1
220,1
223,0
225,1
230,0
234,1
234,1
237,0
241,0
244,0
244,1
245,1
248,1
248,1
249,1
249,1
251,1
259,1
259,1
259,1
265,1
268,0
269,1
270,1
275,1
278,1
291,1
292,1
295,1
296,1
299,0
299,0
299,1
299,1
299,1
299,1
300,1
301,1
301,1
302,1
304,1
304,1
304,1
305,1
306,0
306,0
306,1
306,1
307,1
309,1
313,1
313,1
314,0
314,1
314,1
315,1
316,1
318,1
319,0
319,1
322,1
323,1
323,1
324,1
325,1
326,1
327,1
