Filename	Segment	WC	Analytic	Clout	Authentic	Tone	WPS	Sixltr	Dic	affect	posemo	negemo	anx	anger	sad	social	family	friend	female	male	bio	body	health	sexual	ingest	drives	affiliation	achieve	power	reward	risk
Reecy16.txt	1	900	32.70	52.67	60.24	39.69	9.47	13.56	86.78	12.56	6.67	5.89	2.56	2.22	0.56	12.89	0.22	0.89	0.44	0.11	3.56	0.22	1.44	1.11	0.78	8.56	2.11	2.11	2.22	3.00	0.33
Thee_Spleffy.txt	1	177	76.97	26.72	45.61	3.78	44.25	16.38	74.58	14.12	5.65	7.91	1.69	5.65	0.00	3.95	0.00	0.00	0.00	0.00	7.34	1.69	2.26	2.26	1.13	5.08	1.13	1.69	2.26	0.00	0.00
hamstanger.txt	1	924	63.14	64.77	25.77	29.39	7.16	23.05	80.19	8.77	4.44	4.22	1.08	1.62	0.43	8.23	0.00	0.22	0.43	0.87	3.03	0.32	2.16	0.54	0.43	9.31	2.92	1.52	3.46	1.41	0.76
KingRichardXL.txt	1	1256	34.41	42.42	65.60	4.25	9.04	14.81	87.26	9.47	3.66	5.81	0.72	3.26	0.96	10.67	0.08	0.48	0.88	1.27	4.86	1.51	0.88	0.96	1.67	5.57	1.19	1.04	1.59	1.83	0.80
lindaalitaa.txt	1	1717	31.18	38.31	68.77	33.82	81.76	11.30	85.91	8.62	4.48	4.02	0.70	2.04	0.64	10.13	0.35	0.87	0.87	0.76	3.03	1.11	0.41	0.29	0.76	6.87	2.04	1.22	1.46	2.21	0.52
ItsEthanBetch.txt	1	1154	26.51	44.15	62.29	76.92	7.80	11.61	83.71	9.53	6.15	3.38	0.69	1.04	0.87	10.31	0.09	0.35	0.35	0.35	3.55	0.87	1.13	0.52	0.43	5.98	2.77	0.95	1.04	1.30	0.52
Kelshee22.txt	1	2169	28.73	12.55	82.68	18.93	7.86	13.05	84.69	10.37	4.93	5.39	0.65	2.72	0.69	6.64	0.14	0.46	1.06	0.37	5.07	1.20	0.88	1.52	1.38	6.22	1.48	0.74	1.84	2.44	0.32
myhappyhead.txt	1	800	65.62	49.50	63.85	51.50	12.70	23.50	83.50	7.62	4.50	3.12	0.62	1.38	0.25	7.12	0.00	0.25	0.12	0.50	8.50	0.50	6.38	0.75	3.75	7.50	2.00	2.75	1.88	1.38	0.38
sixsoxx.txt	1	4160	32.08	23.61	90.30	22.05	84.90	13.44	88.17	7.14	3.39	3.63	0.62	1.27	0.60	7.26	0.62	0.58	0.26	1.20	2.76	0.91	0.53	0.70	0.60	7.14	1.90	1.68	1.63	1.68	0.58
bigislandtlc.txt	1	2934	87.35	42.82	23.16	4.58	16.12	26.21	62.41	5.15	1.50	3.58	0.61	0.20	2.11	3.14	0.24	0.03	0.17	0.14	7.74	1.16	5.59	0.31	1.40	5.73	0.89	2.45	2.01	0.34	0.55
_jessicakanney.txt	1	1657	46.32	40.71	68.18	77.89	21.24	13.04	84.61	8.51	5.61	2.78	0.60	0.84	0.66	8.09	0.42	0.54	0.66	0.60	3.02	1.15	0.72	0.30	0.84	5.97	1.93	1.15	1.75	1.63	0.48
loganfergusonn.txt	1	852	47.87	54.67	68.11	31.79	65.54	21.24	81.22	8.33	4.34	3.99	0.59	1.41	1.06	8.45	0.23	0.94	0.59	0.59	3.87	1.06	1.53	0.23	1.06	7.51	1.53	1.76	2.11	2.58	0.35
KenseySnyder.txt	1	5581	31.94	49.50	71.28	59.72	26.45	14.64	83.62	8.46	5.09	3.30	0.57	1.20	0.52	11.06	1.08	0.48	1.25	0.75	3.91	1.34	0.90	0.22	0.95	7.10	2.85	1.24	1.97	1.51	0.45
LoveSousa7.txt	1	1053	42.43	33.79	44.26	21.40	210.60	11.59	80.15	6.55	3.13	3.42	0.57	1.90	0.38	8.93	0.28	0.47	0.76	0.47	5.22	1.52	0.95	0.95	1.80	7.60	1.23	2.18	2.85	2.56	0.57
sdperez3.txt	1	2176	51.59	36.69	56.71	17.14	10.36	19.16	74.13	6.57	2.99	3.58	0.55	1.19	0.83	7.40	0.23	0.64	0.46	0.78	4.41	1.33	0.87	0.32	1.33	6.11	1.79	1.29	1.79	1.70	0.32
breeee4.txt	1	1104	43.39	27.81	88.39	54.77	6.69	12.14	86.05	9.24	5.34	3.80	0.54	2.36	0.18	8.33	0.54	0.54	0.82	0.72	5.80	1.36	1.09	1.00	1.72	8.51	1.99	1.90	1.90	3.26	0.27
iddkkmyBFFJill.txt	1	933	21.57	44.04	61.31	22.45	13.72	13.50	81.46	6.22	3.00	3.22	0.54	1.93	0.21	10.72	0.11	0.96	0.32	1.29	5.57	2.36	1.50	0.43	0.96	5.89	1.93	0.75	1.71	1.71	0.64
ItsRain_.txt	1	2294	34.99	39.84	71.76	42.37	31.86	13.21	87.71	10.77	5.84	4.93	0.52	2.22	0.48	10.16	0.48	0.87	2.27	0.87	4.84	2.14	0.78	1.22	0.70	7.28	2.35	1.26	2.18	2.01	0.48
CrisJanLim.txt	1	3481	69.36	41.92	17.89	87.69	11.88	21.40	63.23	7.10	5.34	1.72	0.52	0.52	0.20	4.48	0.32	0.46	0.43	0.06	2.56	0.57	0.32	0.03	1.49	4.40	1.44	1.01	1.18	1.01	0.26
KristenDD96.txt	1	1965	57.48	43.93	23.89	56.53	39.30	19.03	66.62	7.23	4.38	2.75	0.51	1.48	0.36	7.28	0.41	0.87	0.87	0.71	2.75	0.76	0.71	0.51	0.66	5.09	2.09	0.61	1.17	1.53	0.10
allyy__cat.txt	1	3545	46.03	41.74	72.09	72.27	9.53	17.57	85.25	10.75	6.57	4.09	0.51	0.93	0.90	8.12	0.56	0.39	0.39	0.65	4.09	0.99	1.24	0.28	1.38	5.75	1.64	1.35	1.21	1.83	0.39
VicVicVict0rius.txt	1	2809	59.53	28.33	68.90	8.67	57.33	19.51	76.68	5.66	2.10	3.52	0.50	2.06	0.21	6.30	0.89	0.18	0.57	0.71	4.91	0.96	1.35	0.85	1.74	5.84	1.60	0.61	1.82	1.89	0.28
lenaaprilxo.txt	1	7686	41.28	28.09	65.59	19.01	12.58	17.25	80.22	7.87	3.70	4.15	0.49	1.04	1.09	6.57	0.14	0.22	0.18	0.51	3.98	1.00	0.52	1.99	0.22	6.08	1.48	1.25	1.80	1.96	0.42
collin_menzel.txt	1	607	48.79	70.11	62.43	50.36	24.28	14.00	86.66	8.90	5.11	3.79	0.49	2.31	0.49	12.36	0.49	0.66	0.49	0.66	5.27	0.82	2.47	0.82	0.49	8.40	3.29	1.32	1.65	2.80	0.66
strangelilgirl_.txt	1	613	32.76	39.06	58.88	62.88	8.88	17.94	78.63	6.20	4.08	2.12	0.49	1.14	0.16	9.79	0.82	0.82	0.82	1.47	2.28	0.65	0.98	0.33	0.16	8.48	2.94	0.82	2.61	1.96	0.49
UnstableWarrior.txt	1	8142	36.61	29.65	58.91	9.26	10.10	14.79	84.79	9.56	4.08	5.43	0.48	2.41	1.08	8.07	0.85	0.29	0.61	1.69	6.01	1.38	1.42	1.29	2.41	7.64	2.06	2.12	1.77	1.85	0.74
wynterfail.txt	1	2342	50.26	40.21	28.50	27.90	10.94	16.87	69.21	9.18	4.65	4.53	0.47	2.05	1.02	6.62	0.51	0.21	0.56	0.94	5.29	1.45	1.37	1.15	1.41	3.97	1.41	0.68	0.94	0.85	0.26
middletonsarah.txt	1	1751	60.77	44.56	48.97	77.31	9.31	21.59	75.67	8.17	5.43	2.63	0.46	0.91	0.51	8.34	1.14	0.51	0.69	1.03	5.77	0.91	1.20	0.34	3.08	7.82	2.91	1.09	1.83	2.40	0.34
AnasSkeleton.txt	1	4184	20.52	19.89	81.75	13.22	12.72	11.90	83.70	7.53	3.30	4.23	0.45	1.43	0.91	7.36	0.43	0.26	0.33	0.43	6.31	2.61	2.25	0.29	3.15	5.40	1.17	1.12	1.65	1.20	0.74
HigbeeLand101.txt	1	443	50.53	28.62	31.21	37.76	11.66	25.28	63.88	6.09	3.39	2.71	0.45	0.68	0.90	4.97	0.45	0.45	0.68	0.00	2.93	1.35	0.23	0.00	0.68	4.06	1.58	0.68	1.13	0.68	0.23
raachellewiss.txt	1	6670	48.47	40.70	67.55	42.36	17.02	14.03	79.73	7.03	3.96	3.04	0.45	1.45	0.46	9.06	0.87	0.46	1.89	0.64	4.60	1.68	0.67	0.58	1.66	6.82	1.92	1.26	2.08	1.75	0.42
kjack0908.txt	1	450	21.48	20.55	77.61	13.69	11.25	13.11	82.89	7.11	3.11	4.00	0.44	1.11	0.89	5.78	0.89	0.67	1.56	0.22	5.11	0.67	2.00	1.11	1.11	5.56	1.56	1.56	1.56	1.33	0.22
tommysavitt.txt	1	1801	56.97	84.53	36.17	68.72	11.05	15.16	84.68	7.22	4.72	2.44	0.44	0.61	0.83	11.60	0.17	0.44	0.11	0.56	3.72	0.33	2.00	0.56	0.78	9.38	2.11	2.78	3.05	2.39	1.00
GodGivenBaby.txt	1	2511	69.85	71.15	22.40	47.89	10.38	24.17	67.62	6.13	3.66	2.47	0.44	1.23	0.36	10.27	0.64	0.76	1.19	1.04	4.10	1.15	0.76	0.84	1.23	7.69	3.11	1.47	2.15	1.71	0.32
tylergolucky.txt	1	1153	47.12	38.39	50.50	28.66	14.59	16.22	79.97	9.19	4.60	4.42	0.43	1.99	0.87	8.15	0.52	0.43	0.78	0.95	5.12	2.34	0.69	1.13	1.04	5.38	1.82	0.87	0.78	1.47	0.69
fierrosjaay.txt	1	706	29.14	46.03	77.31	33.09	24.34	12.18	80.31	6.94	3.68	3.26	0.42	1.42	0.42	11.47	0.57	0.99	0.42	1.56	3.82	0.85	0.71	0.42	1.84	8.22	3.40	1.13	2.12	1.56	0.71
BookNasty187.txt	1	6137	59.61	28.37	66.54	46.16	36.31	17.52	81.08	10.58	5.83	4.73	0.42	3.00	0.49	6.71	0.37	0.64	0.37	0.83	4.73	1.94	0.67	1.50	0.67	6.60	1.84	0.83	1.53	2.18	0.57
Jenna_Elise275.txt	1	3091	52.83	46.12	63.07	74.03	16.10	19.31	76.48	7.51	5.01	2.43	0.42	0.74	0.65	8.35	0.36	0.97	0.87	0.29	2.78	0.55	0.71	0.23	1.10	7.38	2.94	1.10	2.33	1.52	0.61
melissanderson_.txt	1	1907	57.14	43.96	71.66	33.93	13.52	19.93	79.02	6.45	3.41	2.94	0.42	0.94	0.68	6.87	0.21	0.52	0.52	0.42	2.67	0.84	0.79	0.31	0.79	6.24	2.31	0.94	1.36	1.89	0.42
RozzValo666.txt	1	1446	37.30	49.45	54.29	90.66	9.70	16.94	82.64	10.72	7.33	3.39	0.41	1.38	1.04	12.24	2.42	0.76	1.04	3.04	6.57	1.31	1.18	0.48	2.84	9.27	4.29	1.11	2.21	1.73	0.48
MissAryelle.txt	1	1205	54.49	45.06	21.50	65.09	13.85	17.68	67.55	6.22	4.15	2.07	0.41	0.66	0.58	7.05	1.16	0.50	0.50	0.75	5.89	0.83	1.41	0.83	3.24	6.47	2.07	0.75	1.49	3.07	0.17
jamiecooke_.txt	1	3618	15.26	48.78	75.85	47.77	26.60	16.06	84.27	8.51	4.84	3.65	0.41	1.58	0.75	12.27	0.66	0.83	0.64	0.83	4.31	1.52	0.83	0.86	0.47	6.55	2.68	1.19	1.46	1.46	0.55
mysteryppr.txt	1	5581	61.94	51.43	49.64	42.69	27.09	18.46	81.04	7.56	4.16	3.23	0.41	1.29	0.66	8.30	0.13	0.39	0.47	0.93	4.16	1.79	0.79	0.66	0.95	6.47	1.34	1.22	2.47	1.67	0.43
ashleyhchase.txt	1	2199	57.95	45.65	68.67	45.83	11.63	18.05	80.13	7.09	4.05	2.96	0.41	0.59	0.68	8.00	0.41	0.50	0.91	0.77	3.00	1.00	0.77	0.18	0.73	6.64	2.18	1.41	1.64	1.96	0.68
loopslovee.txt	1	4672	40.93	27.53	65.26	53.54	19.63	14.15	80.39	7.62	4.54	3.06	0.41	1.35	0.58	6.85	0.62	0.28	0.92	0.90	3.34	1.26	0.73	0.34	1.07	6.66	1.90	1.33	1.95	1.61	0.51
Britt_Knee_Lynn.txt	1	12695	28.16	45.57	75.36	48.10	20.81	13.81	85.06	7.80	4.47	3.26	0.39	1.31	0.76	10.48	0.27	0.58	0.39	0.68	2.42	0.93	0.65	0.26	0.24	6.92	1.84	1.73	1.80	1.67	0.58
xJessielou.txt	1	2041	64.01	51.96	73.90	77.22	55.16	19.16	74.28	6.17	4.46	1.67	0.39	0.54	0.15	8.53	0.44	1.22	0.93	0.98	3.58	1.13	0.98	0.29	0.88	7.79	3.58	1.18	1.37	1.96	0.44
delaney_lewis.txt	1	3336	37.87	59.59	70.44	65.52	12.64	16.13	82.22	7.67	4.86	2.76	0.39	0.99	0.69	10.82	0.54	0.96	0.87	0.78	3.30	0.78	0.75	0.42	0.87	6.41	2.70	1.29	1.32	1.65	0.27
MARCCmahWERDS.txt	1	4883	64.39	34.85	26.56	34.67	24.29	12.98	65.39	9.05	4.73	4.22	0.39	2.29	0.47	6.16	0.18	0.66	0.29	0.78	4.10	1.39	0.82	0.53	1.25	7.17	1.78	1.19	2.36	1.90	0.55
__slimjim__.txt	1	257	86.50	57.71	30.25	47.35	42.83	14.79	72.76	6.61	3.89	2.72	0.39	2.33	0.00	7.78	0.00	0.78	1.17	1.17	1.95	0.78	0.00	0.39	0.78	8.17	1.17	1.95	2.33	3.11	0.39
ShawannaSommers.txt	1	1553	58.79	35.67	56.77	82.32	8.22	19.38	73.41	7.53	5.22	2.06	0.39	0.97	0.39	6.31	0.39	0.32	0.45	0.58	3.67	0.71	0.97	0.32	1.09	5.73	1.42	1.29	1.67	1.55	0.39
eddyhakuna.txt	1	4936	63.86	65.52	41.26	62.65	36.03	15.78	73.58	5.88	3.79	1.84	0.38	0.55	0.43	9.16	0.45	0.34	0.69	0.41	4.13	0.65	2.29	0.20	0.73	5.49	1.72	1.34	1.38	1.11	0.57
amanda_meissner.txt	1	2083	47.26	57.99	51.46	89.35	20.22	15.51	78.01	8.40	6.10	2.30	0.38	0.62	0.53	10.75	0.67	1.01	0.82	1.06	4.22	1.15	1.01	0.34	1.25	8.31	3.60	0.96	2.16	2.26	0.29
seanjones0416.txt	1	4691	26.76	54.83	61.60	12.27	21.72	10.51	89.53	8.34	3.65	4.67	0.38	2.54	0.96	12.19	1.04	0.62	1.68	1.43	3.54	1.32	0.55	1.11	0.60	7.87	2.05	1.73	2.60	2.15	0.68
jp_zxliv.txt	1	4500	47.37	42.08	58.21	11.63	22.28	16.42	84.91	8.16	3.51	4.60	0.38	2.56	0.51	10.51	0.29	0.82	0.71	1.13	4.53	1.11	0.64	1.56	0.82	6.82	2.09	0.98	2.09	1.40	0.84
Paganchristi.txt	1	2391	50.26	61.21	45.26	8.36	42.70	12.38	80.30	7.44	2.97	4.43	0.38	2.47	0.42	11.17	0.46	1.00	0.75	0.71	6.44	2.17	1.34	1.38	1.46	5.52	2.38	0.75	1.67	0.79	0.17
ellohhveeee613.txt	1	4846	38.53	47.19	55.10	35.89	11.88	15.25	80.85	7.57	4.04	3.47	0.37	1.77	0.47	9.35	0.41	0.74	0.66	1.18	4.35	1.65	0.66	0.74	1.03	6.83	2.21	1.40	1.63	1.73	0.47
inkedbeachbabe.txt	1	4870	65.64	33.09	84.56	49.46	16.45	18.91	84.54	6.98	4.13	2.85	0.37	0.66	0.62	5.22	0.21	0.25	0.18	0.41	2.40	0.68	0.55	0.02	0.97	6.69	1.70	1.52	1.75	2.03	0.92
cchelc.txt	1	1085	57.93	25.04	86.95	33.73	45.21	14.10	85.44	5.25	2.86	2.40	0.37	1.01	0.37	7.10	0.18	0.28	0.37	1.38	4.15	1.20	0.55	0.09	2.30	7.00	1.47	1.75	1.75	1.94	0.09
samuelstevie.txt	1	11918	68.84	69.42	27.17	17.91	15.98	17.02	77.42	6.32	2.88	3.42	0.36	1.78	0.36	9.71	0.29	0.39	0.53	0.50	3.87	1.21	1.25	0.59	1.09	7.63	2.08	0.96	3.41	1.27	0.52
PeytenHermansen.txt	1	2784	37.87	39.09	81.76	44.87	29.31	14.48	86.60	8.66	4.78	3.74	0.36	1.80	0.43	9.20	0.36	0.61	0.65	1.15	5.53	1.44	1.08	0.97	2.01	6.72	1.80	1.51	1.69	1.76	0.72
itsreileybitch.txt	1	5024	46.81	42.04	40.43	26.43	50.75	16.00	72.61	7.46	3.72	3.68	0.36	1.73	0.60	7.80	0.82	0.56	0.76	0.74	3.82	1.33	0.88	0.90	0.68	5.23	1.81	0.62	1.57	1.23	0.46
AlliMay_22.txt	1	2841	39.42	64.82	55.21	33.67	26.06	15.70	80.36	5.95	3.17	2.71	0.35	1.20	0.49	10.81	0.77	0.56	1.48	1.09	4.89	1.16	1.37	0.56	1.65	8.41	2.18	1.09	3.59	1.83	0.49
FitMommyx5.txt	1	9389	37.40	39.98	54.61	38.25	20.82	15.53	80.60	7.21	3.93	3.23	0.35	1.30	0.62	9.12	0.45	0.54	0.82	1.73	3.87	1.38	1.09	0.36	1.08	6.51	1.77	0.97	2.50	1.36	0.40
itsANTObitch.txt	1	2003	57.31	44.65	38.65	32.63	22.01	15.33	77.98	6.14	3.25	2.85	0.35	1.35	0.40	7.79	0.40	0.70	1.20	1.00	4.89	1.35	0.30	0.80	2.40	6.79	1.75	1.30	1.75	2.20	0.55
_nick_asher.txt	1	2607	30.36	43.60	43.53	49.32	10.68	16.61	78.90	8.29	4.76	3.49	0.35	2.03	0.54	10.63	0.38	1.00	1.57	0.58	5.64	2.11	0.73	1.15	1.53	7.06	2.49	1.61	1.50	1.88	0.31
marissaroe.txt	1	3798	49.82	40.96	73.69	20.58	19.99	14.61	79.02	5.79	2.66	3.00	0.34	1.03	0.71	8.50	0.42	0.55	1.21	0.87	4.00	1.61	0.58	0.55	1.29	6.92	2.76	0.95	1.79	1.55	0.55
_SamiBrandt.txt	1	5569	26.30	35.36	70.87	59.07	13.35	14.08	83.70	7.24	4.49	2.73	0.34	0.77	0.75	7.90	0.41	0.59	0.68	0.66	3.18	1.10	0.86	0.27	0.50	5.96	2.19	1.06	1.27	1.87	0.34
yourmainbishh.txt	1	587	39.12	41.25	54.23	3.30	19.57	12.95	85.69	7.33	2.39	4.77	0.34	2.04	1.19	11.41	0.68	1.87	2.21	1.87	5.79	2.04	1.87	1.87	0.51	8.18	3.41	2.04	1.70	2.04	0.34
iamhavingatime.txt	1	3540	34.29	28.41	67.86	48.29	69.41	13.39	81.89	7.40	4.27	3.05	0.34	0.96	1.05	6.95	0.42	0.37	0.40	0.65	5.00	1.38	1.13	0.31	1.92	6.13	1.81	0.88	2.12	1.44	0.40
JC2ok.txt	1	2960	77.99	59.61	59.65	48.32	12.93	18.99	70.95	4.93	3.07	1.86	0.34	0.68	0.27	8.07	0.57	1.01	0.51	1.76	2.50	0.57	0.54	0.37	0.95	7.16	2.40	1.08	1.76	2.40	0.51
yuppyprincess.txt	1	8298	32.12	36.61	78.77	37.50	54.95	13.44	84.02	6.44	3.52	2.86	0.34	1.12	0.69	9.74	0.39	1.28	0.84	0.88	3.37	1.18	0.78	0.74	0.78	6.69	1.98	1.25	1.76	1.65	0.59
Jramzzy.txt	1	4905	58.27	34.01	65.71	43.61	24.40	13.17	77.25	6.34	3.65	2.67	0.33	1.55	0.18	6.91	0.67	0.45	0.55	0.96	3.85	1.10	0.71	0.61	1.39	6.77	1.63	0.96	2.10	2.16	0.53
Cherry4774.txt	1	1533	31.29	28.73	69.56	46.18	12.99	13.57	84.74	8.02	4.57	3.46	0.33	1.37	0.39	8.22	0.39	0.33	0.98	0.72	2.22	0.91	0.59	0.07	0.59	7.37	2.22	1.17	1.83	1.89	0.52
ladeelocc.txt	1	6457	38.61	39.19	47.32	10.93	24.46	13.44	77.90	8.07	3.44	4.60	0.33	3.13	0.50	9.73	0.71	0.65	1.53	0.76	4.62	1.89	0.76	1.02	0.85	6.66	2.25	1.13	1.56	1.86	0.22
rox_azb.txt	1	2183	42.66	28.96	74.83	65.69	41.19	12.92	83.69	7.70	4.90	2.79	0.32	1.47	0.37	8.89	1.01	0.92	0.96	2.29	3.66	1.01	0.73	0.46	1.33	6.50	2.29	0.73	2.06	1.60	0.41
mommieyoee.txt	1	4373	30.66	46.43	69.34	47.32	20.06	14.73	82.69	8.03	4.57	3.41	0.32	1.44	0.66	12.10	1.60	0.82	1.78	1.58	3.96	1.62	0.75	0.48	0.91	6.40	2.40	1.17	1.46	1.44	0.30
GuidedByVodka.txt	1	625	63.47	46.80	25.02	68.07	14.53	20.80	76.64	8.32	5.28	3.04	0.32	1.44	0.16	8.48	0.00	0.64	0.32	1.12	2.08	0.48	0.80	0.48	0.32	8.48	3.04	2.08	1.60	2.56	0.96
ashleyxwhoa.txt	1	632	48.90	36.38	35.86	46.15	15.41	13.77	73.42	6.49	3.80	2.69	0.32	1.11	0.47	6.80	0.16	0.63	0.47	1.27	5.22	1.58	0.79	0.79	2.06	6.01	1.58	1.58	1.42	1.27	0.47
PRobards.txt	1	10994	31.89	48.80	69.38	36.49	23.10	11.99	80.38	6.42	3.49	2.88	0.31	1.24	0.43	11.70	0.64	1.03	1.16	1.57	3.07	1.19	0.94	0.29	0.53	6.76	2.31	1.16	1.98	1.49	0.45
Kennedy_laine.txt	1	2914	41.41	32.54	65.16	19.61	107.93	16.82	75.91	6.49	3.02	3.43	0.31	2.09	0.48	8.13	0.82	0.41	0.79	1.78	3.12	1.27	0.55	0.69	0.58	6.11	1.51	1.03	1.48	2.20	0.48
fizzandnonsense.txt	1	30741	42.77	33.92	55.69	85.31	8.37	20.23	76.31	6.71	5.04	1.64	0.31	0.36	0.42	6.95	0.29	0.25	0.63	0.90	2.64	1.09	0.44	0.43	0.87	5.77	1.40	1.02	1.58	1.70	0.54
agentcbarton.txt	1	7914	32.58	76.20	16.53	74.68	6.37	18.70	83.79	8.50	5.55	2.92	0.30	1.35	0.47	14.97	0.67	0.20	2.67	4.83	5.53	2.89	0.20	0.75	1.38	7.32	3.01	0.67	1.54	1.84	0.61
blupromise.txt	1	3310	18.56	46.62	53.61	44.58	97.35	13.96	84.50	12.27	6.62	5.59	0.30	2.54	1.51	11.75	0.85	0.91	0.88	1.54	3.87	1.48	0.57	1.09	0.57	6.44	2.39	1.00	1.81	1.69	0.33
CodyDuggins.txt	1	1328	51.13	53.01	32.63	6.97	21.42	15.29	70.78	6.85	2.56	4.22	0.30	2.03	1.20	9.34	0.68	0.30	0.98	1.05	3.24	0.98	0.68	0.75	0.83	4.44	1.43	0.38	1.05	1.20	0.45
Viktoria_white.txt	1	3339	40.84	56.55	58.83	41.47	42.81	15.48	81.58	8.06	4.43	3.56	0.30	1.41	0.81	11.44	0.75	0.54	0.99	2.91	3.11	1.59	0.63	0.45	0.48	9.40	2.28	1.20	3.56	2.22	0.66
redrodreesie.txt	1	5024	53.41	28.86	49.73	47.49	13.65	20.00	73.39	6.75	3.92	2.75	0.30	0.82	0.72	7.40	0.76	1.43	0.70	1.99	3.96	1.45	0.88	0.32	0.98	7.44	3.32	1.21	1.37	1.67	0.32
JayMoneyy_.txt	1	1005	58.17	42.12	51.29	51.86	15.46	13.43	74.23	8.76	5.07	3.68	0.30	1.89	0.10	8.06	1.09	0.10	0.90	1.69	4.18	1.09	1.00	0.50	0.90	7.76	2.79	1.09	1.79	1.69	0.50
FostersProblem.txt	1	9111	51.75	33.86	65.63	70.58	21.95	15.34	82.32	9.22	5.80	3.41	0.30	2.15	0.31	8.28	0.61	0.53	0.72	0.89	3.69	1.20	0.98	0.69	0.53	6.86	2.22	1.28	1.88	1.71	0.38
smcmullan10.txt	1	6123	52.39	43.38	65.78	60.76	13.37	18.24	79.27	7.51	4.62	2.78	0.29	1.00	0.60	8.10	0.47	0.67	0.59	0.54	3.18	0.90	0.70	0.49	0.90	6.45	2.37	1.06	1.44	1.57	0.59
THE_REAL_MACKO.txt	1	2726	79.96	57.14	34.21	53.35	18.05	19.63	71.24	5.14	3.30	1.83	0.29	0.55	0.44	7.70	0.33	0.29	0.77	1.58	3.26	0.59	0.59	0.81	1.43	6.46	1.72	1.61	2.16	1.65	0.40
kmulvinator.txt	1	2387	66.28	24.98	70.65	40.04	17.17	18.14	80.94	7.33	4.02	3.23	0.29	1.76	0.38	5.19	0.38	0.17	0.54	0.21	4.82	1.72	0.92	0.59	1.42	6.41	1.21	1.97	1.51	1.93	0.38
ProblemChildNIK.txt	1	11729	35.08	50.27	56.83	42.31	11.30	15.21	83.31	7.84	4.36	3.44	0.29	1.80	0.55	10.53	0.43	0.48	1.01	0.91	4.03	1.55	0.95	0.95	0.78	6.39	1.71	1.20	2.08	1.65	0.48
J_Hermmm.txt	1	3462	64.09	53.35	45.95	76.92	17.94	17.48	72.44	9.47	6.09	3.32	0.29	1.30	0.92	7.91	0.46	1.36	0.32	1.18	3.12	1.42	0.61	0.20	0.69	6.87	2.05	1.21	1.99	2.08	0.69
zellerpress.txt	1	10418	40.76	33.73	56.69	72.81	7.54	18.88	80.55	7.11	4.78	2.27	0.29	0.60	0.44	7.39	0.40	0.61	0.59	0.75	3.24	0.96	0.65	0.22	1.31	6.49	1.77	1.28	1.91	1.69	0.38
not_aware_wolf.txt	1	2798	66.57	52.00	40.69	58.22	11.71	21.44	69.16	6.54	4.11	2.39	0.29	1.14	0.43	7.79	0.36	0.25	0.54	0.79	3.50	1.25	1.00	0.21	1.00	5.72	1.57	0.96	1.93	1.39	0.46
TheBiddieLord.txt	1	6030	50.95	53.52	58.49	82.91	15.66	14.10	80.25	8.61	5.90	2.70	0.28	1.03	0.63	9.64	0.38	1.18	1.29	0.48	3.32	0.90	1.03	0.36	0.68	7.15	2.45	1.44	1.72	2.21	0.40
EskimoPoozel.txt	1	2158	18.79	45.93	82.46	30.46	18.60	11.49	88.74	10.10	5.19	4.91	0.28	2.59	0.93	12.88	0.83	0.46	1.48	0.93	3.89	1.25	0.60	1.11	0.28	6.77	1.99	0.88	2.04	1.53	0.70
Ay_mick.txt	1	5405	25.85	38.91	73.53	21.23	26.76	14.51	84.51	9.95	4.77	5.07	0.28	2.90	0.89	11.34	0.52	0.96	0.48	1.18	4.81	1.63	0.83	1.22	0.61	7.53	3.33	0.78	1.57	1.70	0.57
brem015.txt	1	1808	27.24	37.82	48.27	85.02	45.20	15.21	79.48	9.79	6.58	3.21	0.28	1.27	0.61	8.24	0.22	0.72	0.66	1.11	3.76	0.88	0.77	0.33	1.66	5.20	1.77	0.77	1.49	1.60	0.33
_kcbland.txt	1	6879	21.68	35.80	79.86	32.77	49.49	11.03	86.84	8.21	4.29	3.88	0.28	2.02	0.65	10.68	1.02	0.49	1.56	1.03	3.42	1.05	0.73	0.26	0.52	8.56	2.78	1.67	1.89	2.12	0.68
desufag420.txt	1	2536	39.43	52.52	46.70	28.40	18.38	17.82	78.43	6.82	3.43	3.27	0.28	2.01	0.47	10.29	0.35	0.63	0.83	0.83	4.10	1.18	0.67	1.18	1.42	5.72	1.85	1.22	1.30	1.70	0.28
Portillovo.txt	1	6639	57.68	39.24	41.06	27.02	14.75	14.20	72.84	6.36	3.21	3.13	0.27	1.88	0.32	8.77	0.87	0.30	0.83	0.75	4.64	1.72	0.96	1.11	0.78	7.14	2.00	1.16	2.21	1.90	0.54
Shanreynolds_.txt	1	4063	46.83	45.40	68.98	39.40	76.66	18.16	76.22	6.92	3.79	3.03	0.27	0.98	0.66	7.58	0.66	0.34	1.65	0.59	3.03	1.23	0.81	0.32	0.64	6.35	1.99	1.16	2.07	1.40	0.34
jenwongers.txt	1	3329	35.55	37.61	76.74	78.14	23.28	15.29	79.84	8.44	5.65	2.79	0.27	1.26	0.36	7.72	0.30	0.60	0.45	0.54	2.91	1.14	0.72	0.27	0.69	5.68	1.65	1.11	1.50	1.80	0.30
chrissywood33.txt	1	3703	40.10	45.48	60.55	51.01	51.43	15.45	78.85	7.02	4.16	2.81	0.27	1.32	0.68	9.75	0.70	0.84	1.16	1.22	3.56	1.38	0.78	0.54	0.92	6.35	2.03	1.11	1.81	1.49	0.46
KEG0587.txt	1	3335	61.28	53.96	61.54	77.16	18.95	18.41	82.01	7.74	5.25	2.46	0.27	0.78	0.24	9.66	0.84	0.81	0.78	1.50	3.18	0.63	0.81	0.12	1.20	8.28	3.18	1.11	1.89	2.16	0.69
_minaBObina.txt	1	8240	32.90	31.42	81.79	60.74	10.09	13.64	86.31	6.71	4.26	2.42	0.27	0.80	0.51	8.87	0.95	0.35	1.09	1.10	3.41	1.29	1.20	0.12	0.59	6.64	1.55	1.23	1.72	2.20	0.36
dmariefin.txt	1	3380	41.06	32.97	58.99	32.90	17.79	14.88	77.40	7.13	3.76	3.34	0.27	1.54	0.71	7.22	0.62	0.53	1.21	0.71	3.61	1.15	1.01	0.38	0.65	5.95	1.69	1.45	1.98	1.30	0.41
andrewmotley.txt	1	1887	61.60	35.13	86.85	79.77	14.86	14.52	84.74	8.80	5.78	2.81	0.26	1.22	0.53	7.15	0.32	1.06	0.37	0.90	2.91	1.22	0.58	0.16	0.69	10.07	2.81	2.49	2.07	3.71	0.37
madisiin.txt	1	8327	45.26	37.55	55.35	30.22	14.23	14.10	80.50	8.07	4.13	3.87	0.26	2.28	0.34	7.90	0.30	0.44	0.85	0.42	3.83	1.30	0.73	0.85	0.95	5.69	1.36	1.20	1.55	1.45	0.47
allielizmac.txt	1	762	51.58	37.15	55.19	52.87	23.81	14.83	79.13	6.43	3.94	2.49	0.26	1.05	0.39	8.27	0.39	1.18	0.66	1.05	3.02	0.52	0.52	0.26	1.05	6.04	1.84	1.18	2.10	1.05	0.39
rakan__A.txt	1	3056	48.64	31.77	65.74	17.66	44.94	13.78	78.50	6.15	2.78	3.34	0.26	1.93	0.13	7.07	0.23	0.13	0.26	0.39	4.12	1.51	0.95	0.79	1.18	5.60	0.92	1.21	1.77	1.96	0.36
chinesmurder420.txt	1	2677	43.83	42.30	23.48	42.73	45.37	18.34	67.24	6.65	3.77	2.84	0.26	1.49	0.60	7.81	0.78	0.37	0.93	0.60	4.07	1.46	0.64	0.82	1.23	5.53	2.28	0.67	1.53	1.23	0.34
MSlovelybird.txt	1	3062	82.27	47.91	22.63	29.03	9.81	16.72	64.17	4.44	2.32	2.12	0.26	0.82	0.49	5.62	0.16	0.10	0.56	0.75	4.31	2.02	0.85	0.65	0.75	3.49	0.95	0.39	1.11	0.75	0.52
LovePurpleUrkle.txt	1	2297	37.31	69.48	24.89	26.49	17.67	18.50	77.58	10.67	5.35	5.31	0.26	3.27	0.87	13.50	0.57	1.09	1.13	1.31	4.75	1.96	0.26	1.48	0.74	6.31	2.61	0.78	1.13	1.74	0.52
nikobulin.txt	1	1533	38.49	33.34	64.86	36.06	73.00	17.16	81.28	8.68	4.63	4.04	0.26	1.89	0.59	6.78	1.17	0.33	0.46	1.50	5.02	2.15	0.52	0.65	1.63	7.83	2.02	1.17	2.02	2.67	0.91
adangandara.txt	1	7285	51.98	53.46	45.81	59.02	26.11	18.59	76.72	9.97	5.85	4.09	0.26	1.89	0.78	9.29	0.36	0.62	0.73	0.65	4.02	1.22	0.75	0.67	1.35	6.93	2.36	1.33	1.77	1.83	0.48
Aywillie.txt	1	1154	54.10	48.27	60.08	88.73	13.74	10.75	81.80	8.75	6.24	2.51	0.26	1.21	0.52	9.19	0.95	0.43	0.35	1.73	4.59	1.39	0.69	0.78	1.39	9.01	3.38	1.65	2.17	2.60	0.52
basedjose_.txt	1	5802	46.08	56.85	49.49	47.44	53.23	13.41	77.09	6.53	3.84	2.67	0.26	1.53	0.17	10.63	0.57	0.91	1.12	1.02	3.15	1.09	0.67	0.55	0.78	6.38	2.29	0.97	1.88	1.59	0.41
_tdazeee.txt	1	1169	44.09	78.69	25.82	42.86	12.99	23.70	69.20	4.36	2.65	1.71	0.26	0.94	0.26	12.75	0.68	1.54	0.51	2.40	3.08	0.86	0.51	0.17	1.37	6.76	2.05	1.11	1.54	2.05	0.60
imwhited.txt	1	785	54.33	47.96	30.63	69.02	49.06	17.71	71.72	6.88	4.59	2.29	0.25	1.40	0.25	7.64	0.25	0.64	0.38	0.89	4.33	1.15	1.15	0.76	1.27	7.13	2.17	1.40	2.42	1.53	0.38
tdmeg.txt	1	1184	45.14	58.03	45.17	79.61	74.00	15.20	77.96	9.80	6.33	3.38	0.25	1.35	0.84	10.47	0.17	1.01	1.27	1.27	3.63	1.10	0.93	0.25	0.84	6.08	2.11	1.18	1.01	1.86	0.59
sfrady23.txt	1	6383	51.77	46.99	42.39	47.19	18.29	18.36	74.13	6.24	3.65	2.49	0.25	1.33	0.22	8.04	0.50	0.22	0.33	1.10	2.19	1.19	0.53	0.09	0.27	6.63	1.44	1.28	2.30	1.47	0.53
RusChiasson.txt	1	3609	43.85	49.67	47.25	43.44	31.66	20.73	67.41	6.51	3.74	2.77	0.25	1.75	0.28	8.53	0.28	0.47	0.64	0.53	2.55	1.30	0.22	0.50	0.61	5.38	1.86	0.72	1.52	1.41	0.36
SonOfTham.txt	1	8463	74.38	62.26	21.41	40.43	12.43	18.73	71.64	5.19	2.98	2.16	0.25	1.13	0.30	8.64	0.46	0.28	0.26	1.57	2.55	1.19	0.37	0.28	0.70	6.49	1.76	1.26	2.19	1.67	0.35
ElPirataDelDF.txt	1	7711	42.67	42.94	35.55	45.30	14.77	15.45	74.22	7.77	4.41	3.35	0.25	2.07	0.35	9.36	0.75	0.44	0.62	1.52	3.24	1.27	0.60	0.80	0.51	6.30	1.92	1.13	1.63	1.79	0.35
lyndacarreraaa.txt	1	3672	32.37	50.87	47.44	87.71	24.98	18.82	79.79	10.35	6.97	3.35	0.25	1.63	0.54	11.11	0.60	0.41	0.82	1.12	4.98	1.85	0.76	0.60	1.55	7.73	4.28	1.77	1.47	1.39	0.38
Corey_Brakhage.txt	1	5810	36.01	39.87	50.10	64.28	11.26	14.75	83.46	8.85	5.42	3.39	0.24	2.03	0.48	8.83	0.19	0.38	0.55	0.46	3.75	1.43	0.72	0.65	1.17	5.97	2.15	1.05	1.50	1.60	0.43
DaBlues314.txt	1	3746	65.07	49.15	17.66	30.27	12.05	19.33	71.04	8.57	4.40	4.14	0.24	2.64	0.37	8.25	0.40	0.40	0.80	1.60	4.40	1.68	0.72	1.20	0.67	6.78	2.16	1.31	2.08	1.79	0.51
JustJickin.txt	1	1669	51.57	60.41	27.30	34.06	18.34	16.18	74.06	5.93	3.18	2.70	0.24	1.68	0.24	10.96	0.72	0.72	1.14	1.44	3.71	1.20	0.96	0.42	1.74	6.77	2.16	1.44	1.62	2.16	0.36
RylsMcMeier.txt	1	1275	70.74	54.08	22.52	47.53	85.00	17.65	65.41	5.65	3.37	2.20	0.24	0.39	0.31	7.37	0.39	0.47	0.63	0.47	1.73	0.39	0.39	0.16	0.31	6.59	1.49	1.10	2.82	1.73	0.39
Andysthrash.txt	1	2145	41.54	33.73	73.43	55.66	12.69	14.69	83.54	9.09	5.31	3.73	0.23	2.19	0.61	8.86	0.51	0.75	0.84	0.75	5.22	0.61	1.59	1.31	0.79	6.81	2.42	1.40	1.31	1.96	0.33
Stevahn_Decay.txt	1	6018	55.55	42.68	34.51	7.28	16.05	22.32	75.71	11.12	4.74	6.35	0.23	1.74	0.81	8.33	0.23	0.61	0.60	0.32	7.10	1.53	0.80	3.87	1.03	5.85	2.19	1.10	1.83	1.48	0.25
52___________18.txt	1	10392	52.65	34.68	46.77	47.09	20.66	17.02	79.29	9.06	5.03	3.88	0.23	2.36	0.51	7.31	0.46	0.51	0.48	0.97	4.40	1.35	0.45	1.49	0.82	6.32	2.07	1.05	2.17	1.37	0.44
megans_law.txt	1	6518	58.71	51.53	24.35	38.30	16.93	21.86	71.69	5.95	3.30	2.59	0.23	1.37	0.29	7.49	0.21	0.63	0.29	1.07	3.05	1.17	0.54	0.66	0.66	5.54	1.72	1.06	1.96	1.07	0.26
RomanOrton1993.txt	1	435	41.04	21.72	94.88	18.95	13.59	11.03	85.29	8.74	4.14	4.60	0.23	2.99	0.69	9.20	0.46	0.23	1.15	1.15	5.06	0.92	1.61	0.69	1.15	9.43	2.53	2.76	2.99	1.84	0.46
MrSpacely_420.txt	1	5695	30.77	42.88	56.87	14.39	47.07	11.22	82.25	7.22	3.18	4.00	0.23	2.74	0.35	11.22	0.44	0.56	1.33	1.04	4.62	1.95	0.77	1.33	1.00	7.02	1.97	0.86	2.44	1.97	0.40
marcuszapata_.txt	1	8798	47.88	40.98	63.08	40.49	18.84	13.96	82.66	6.67	3.73	2.91	0.23	1.48	0.34	8.49	0.23	0.55	0.50	0.73	4.33	1.56	0.85	0.53	1.55	6.55	1.68	1.09	2.33	1.72	0.36
jrgrego92.txt	1	888	55.44	58.03	51.89	80.79	23.37	17.57	77.70	7.32	5.18	2.14	0.23	0.79	0.56	8.90	1.01	0.34	0.45	0.68	4.73	0.68	1.91	0.23	1.24	7.43	3.49	1.69	1.91	1.24	0.23
NinangSupreme.txt	1	6223	55.18	54.36	28.08	57.99	15.33	17.47	68.30	6.68	4.18	2.47	0.22	1.08	0.59	8.32	0.63	0.56	0.95	0.85	4.24	1.12	0.87	0.59	1.54	5.69	1.98	0.72	1.59	1.45	0.47
lindsaysdealer.txt	1	5820	37.98	34.50	69.98	29.21	22.38	16.32	80.12	6.41	3.25	3.04	0.22	1.58	0.48	8.61	0.52	0.57	0.74	0.62	4.54	1.03	1.17	1.13	1.51	6.24	1.92	1.25	1.70	1.48	0.43
ashmeetsdoom.txt	1	1347	22.60	33.87	78.63	7.65	14.18	13.73	88.27	7.28	2.82	4.38	0.22	2.75	0.67	11.28	0.45	0.22	0.67	0.74	4.90	1.93	0.59	1.04	1.41	6.46	2.15	1.41	1.56	1.71	0.30
SEWillits.txt	1	1366	41.93	38.47	53.97	45.96	13.39	13.76	74.52	9.59	5.34	4.25	0.22	2.42	0.66	8.05	0.37	0.44	0.73	0.81	4.17	1.10	1.32	0.66	1.10	5.34	1.90	0.88	1.39	1.17	0.44
BeardgangAlexxx.txt	1	1367	48.59	37.92	79.28	22.37	14.24	13.83	78.13	4.90	2.34	2.56	0.22	1.24	0.59	9.00	0.88	0.29	0.51	0.80	3.80	1.68	0.51	0.29	1.17	6.80	1.76	1.17	2.34	1.68	0.51
nickcaterugby.txt	1	12364	54.66	46.54	56.89	36.12	32.37	15.08	76.90	6.03	3.29	2.70	0.22	1.41	0.38	9.18	0.42	0.46	0.84	0.98	3.45	1.61	0.61	0.45	0.57	8.02	2.16	1.53	2.63	2.06	0.49
Smoochler.txt	1	460	66.98	48.26	82.14	54.42	16.43	15.00	78.91	2.83	2.17	0.65	0.22	0.22	0.00	9.78	1.09	0.87	0.43	2.39	4.57	1.74	1.09	0.00	1.96	5.65	1.74	0.65	1.96	1.09	0.43
ldstine13.txt	1	2783	61.67	10.97	95.22	7.75	309.22	11.28	84.91	6.54	2.48	4.02	0.22	2.73	0.40	4.49	0.32	0.22	0.32	0.61	5.61	2.08	1.33	1.37	0.86	6.97	0.61	1.11	2.44	2.84	0.54
alexthomaas.txt	1	2321	39.05	30.25	72.34	71.11	36.84	14.39	80.70	8.40	5.39	2.97	0.22	1.16	0.65	8.49	0.90	0.52	0.90	0.34	5.39	1.16	0.99	0.47	1.29	6.38	2.76	0.90	1.03	2.11	0.39
marisssamarie26.txt	1	2789	35.39	32.20	63.40	10.73	14.45	15.53	81.32	8.00	3.41	4.59	0.22	3.19	0.54	9.07	0.68	0.36	1.36	0.29	4.48	1.76	0.72	1.15	0.65	6.38	2.12	0.61	1.58	2.01	0.25
Vixoen.txt	1	5610	60.36	28.24	91.21	40.16	11.66	16.54	86.35	5.58	3.16	2.35	0.21	0.94	0.45	8.09	0.41	0.78	1.19	0.70	5.06	1.27	1.16	0.57	2.26	6.58	1.93	1.11	2.12	1.25	0.52
richiekpuk.txt	1	20732	53.14	52.72	36.08	65.34	9.52	20.34	74.92	6.58	4.31	2.22	0.21	0.91	0.42	8.89	0.28	0.84	0.33	1.66	2.27	0.77	0.41	0.41	0.68	8.05	3.40	1.68	2.04	1.82	0.51
BMeadows30.txt	1	2370	44.24	50.51	67.44	25.09	37.03	13.76	80.89	7.68	3.80	3.84	0.21	2.41	0.68	10.84	0.38	0.72	1.01	1.48	3.59	1.39	0.63	0.80	0.59	8.10	2.78	1.98	2.78	2.11	0.38
AWgypsy11.txt	1	3350	16.10	28.23	84.20	51.46	14.82	13.01	89.34	9.91	5.61	4.24	0.21	2.57	0.60	9.22	0.24	0.27	0.90	0.99	4.06	1.58	0.78	0.75	1.16	7.25	1.97	1.04	1.97	2.09	0.45
tankwilson.txt	1	3830	79.88	50.63	56.87	53.77	8.29	14.10	72.69	5.87	3.66	2.17	0.21	1.04	0.47	6.29	1.02	0.29	0.86	0.68	4.44	1.36	0.99	0.29	1.91	6.97	1.88	1.62	1.96	2.48	0.21
Mohammed__Lee.txt	1	1438	45.79	47.22	65.77	73.78	10.57	18.22	75.94	7.72	5.15	2.57	0.21	1.46	0.63	8.41	0.56	0.49	0.76	0.97	2.71	0.97	0.56	0.56	0.76	6.68	2.09	1.18	1.74	1.88	0.35
DerekPotts63.txt	1	1922	56.20	55.37	55.29	34.82	33.72	16.39	77.16	6.04	3.28	2.76	0.21	0.99	0.47	8.74	0.52	0.52	0.88	1.09	2.97	0.73	0.83	0.21	1.30	7.39	2.29	1.14	2.71	1.35	0.36
jack_witek.txt	1	8700	70.38	65.47	19.71	39.54	14.80	22.26	70.82	4.79	2.77	2.00	0.21	0.86	0.36	8.36	0.14	0.32	0.23	1.00	1.53	0.32	0.47	0.21	0.47	6.95	2.16	1.13	2.69	1.14	0.59
britWilkinson00.txt	1	970	48.78	43.44	77.67	10.24	14.48	13.30	86.39	7.01	2.89	4.12	0.21	1.55	1.03	8.87	1.13	0.52	1.03	1.44	4.02	2.06	0.82	0.52	0.41	6.80	1.86	1.44	1.75	1.75	0.72
tommy_schureman.txt	1	10731	46.88	58.33	52.89	66.68	9.13	17.52	79.35	7.10	4.63	2.47	0.21	1.09	0.40	10.12	0.48	0.75	0.85	1.32	3.21	0.92	0.59	0.50	1.03	7.10	2.57	0.97	1.78	2.03	0.41
njp3d.txt	1	3415	53.02	48.59	57.15	29.19	87.56	14.90	80.09	5.01	2.58	2.37	0.20	1.26	0.29	9.31	0.56	0.41	0.41	1.58	3.37	1.05	0.76	0.61	0.97	7.76	2.11	1.58	2.43	2.34	0.56
Tvichi22.txt	1	2943	29.52	38.10	73.33	12.66	16.72	15.19	81.48	8.46	3.74	4.72	0.20	3.06	0.48	10.94	0.41	0.82	0.71	0.92	4.89	1.53	1.02	1.43	0.75	7.07	2.89	0.75	2.04	1.70	0.20
muthafuqq.txt	1	3940	53.02	33.21	55.98	6.05	64.59	14.21	79.70	9.77	3.91	5.71	0.20	3.38	0.89	7.54	0.28	0.71	0.74	0.94	5.81	1.70	1.29	1.12	1.75	6.02	1.37	1.02	2.23	1.45	0.58
katalynamarie.txt	1	2957	51.47	54.97	77.67	86.62	20.68	16.27	82.65	8.39	5.85	2.33	0.20	0.74	0.68	10.04	0.68	0.78	0.57	0.71	4.53	0.95	1.32	0.17	1.25	7.44	3.04	1.29	2.06	1.42	0.61
KwanTrae.txt	1	494	30.26	35.01	66.06	64.15	9.50	12.96	82.19	6.88	4.45	2.43	0.20	1.62	0.20	7.69	0.61	0.00	0.81	0.40	3.85	1.42	1.01	0.40	0.61	5.87	1.01	1.21	0.81	2.63	0.61
justlikehoneyxx.txt	1	7496	29.07	36.33	67.71	36.83	35.03	13.23	86.35	9.66	5.12	4.50	0.20	2.79	0.63	10.66	0.76	0.60	1.05	1.36	4.30	1.56	0.67	0.96	0.73	7.44	2.48	1.17	1.99	1.81	0.41
sean_raw69.txt	1	2528	60.08	48.73	53.46	32.56	23.41	13.77	80.02	6.72	3.56	3.16	0.20	2.22	0.12	8.78	0.28	0.28	0.36	1.78	4.75	1.70	0.63	1.03	1.46	7.99	1.78	1.98	2.37	2.29	0.36
Lindsay_Boyer.txt	1	1518	65.41	61.42	43.11	62.01	24.48	19.50	71.67	6.52	4.22	2.31	0.20	1.25	0.46	9.22	0.86	0.40	1.25	1.32	3.62	1.52	0.33	0.59	1.19	6.19	2.04	1.32	1.71	1.98	0.26
natalie_priest7.txt	1	4058	64.88	42.95	44.92	84.46	14.54	16.04	70.08	5.62	4.41	1.08	0.20	0.15	0.12	5.59	0.37	0.27	0.32	0.39	5.42	0.62	2.00	0.00	2.49	5.08	1.40	0.89	1.18	1.70	0.27
JamieDRJ.txt	1	2035	64.67	30.81	69.61	46.60	11.50	18.77	77.30	7.71	4.37	3.24	0.20	2.26	0.25	4.86	0.20	0.25	0.10	0.29	4.52	0.25	2.41	0.88	2.65	6.24	1.23	1.62	1.82	2.21	0.10
Mc_Clutcheon.txt	1	15812	36.64	28.88	71.45	6.65	17.77	13.08	83.52	8.21	3.22	4.93	0.20	3.35	0.52	8.88	0.32	0.56	0.71	1.11	5.42	2.19	0.82	1.61	1.15	6.44	1.33	1.34	2.00	1.76	0.52
mauieblaowie.txt	1	1544	54.52	36.32	76.44	29.01	53.24	16.77	82.51	5.70	2.91	2.72	0.19	0.97	0.52	8.68	0.52	0.52	0.58	1.17	5.12	1.75	1.17	0.19	1.75	5.51	1.30	0.84	2.59	0.65	0.52
BMcGComedy.txt	1	4673	77.16	64.37	37.50	17.66	12.11	20.20	75.90	5.95	2.67	3.23	0.19	1.35	0.60	10.10	0.53	0.92	0.56	1.73	2.72	0.98	0.73	0.17	0.79	7.51	2.29	1.56	2.57	1.58	0.49
gibabez.txt	1	1558	64.56	56.64	76.92	34.69	23.97	20.28	79.85	5.07	2.76	2.25	0.19	0.83	0.51	8.34	0.19	0.45	0.19	0.39	5.07	0.83	1.16	0.19	2.76	6.03	1.86	1.35	1.35	1.48	0.64
drunk_carlos.txt	1	521	54.27	15.45	74.51	12.92	30.65	16.51	81.96	8.25	3.65	4.61	0.19	2.30	1.54	6.72	0.77	0.38	2.11	0.58	4.80	1.92	0.96	2.69	0.58	8.25	2.11	2.50	2.11	2.50	0.38
eGREGiousme.txt	1	3653	34.62	38.89	63.72	15.07	8.01	13.17	87.13	7.39	3.31	4.08	0.19	2.52	0.66	9.06	0.41	0.33	0.66	0.79	3.83	1.07	0.99	0.68	1.12	8.21	2.33	1.31	2.85	1.62	0.68
Swemps.txt	1	4183	64.81	40.17	62.45	63.39	11.62	12.05	73.11	6.41	4.16	2.18	0.19	1.03	0.43	5.40	0.07	0.22	0.31	0.77	2.96	1.48	0.62	0.17	0.84	7.20	1.41	1.91	2.08	3.30	0.48
tyedyejer92.txt	1	4719	50.27	21.71	93.90	22.49	18.73	14.30	86.69	5.76	2.75	2.97	0.19	1.95	0.28	7.12	0.70	0.25	0.28	1.08	4.45	1.31	1.46	0.97	0.51	8.92	2.31	1.63	2.33	3.05	0.19
15philk.txt	1	11663	43.89	44.28	43.22	23.10	38.75	14.51	75.58	6.15	2.94	3.11	0.19	1.61	0.52	10.41	1.11	0.61	1.36	1.28	4.46	2.08	0.53	0.66	1.25	6.18	2.04	0.78	1.80	1.72	0.37
toohightooshy.txt	1	6429	28.91	47.39	49.06	27.58	45.60	14.53	80.37	7.92	3.95	3.84	0.19	2.21	0.51	10.95	0.40	1.04	0.89	1.32	3.95	1.51	0.53	1.28	0.59	6.69	2.35	0.90	1.80	1.43	0.67
Haydenhamburger.txt	1	4824	41.96	59.25	51.51	64.67	24.12	17.97	75.17	5.47	3.73	1.68	0.19	0.75	0.39	9.93	0.48	0.27	0.68	1.20	3.30	1.16	0.41	0.19	1.10	6.76	1.82	1.31	1.97	2.20	0.27
A_Tay_.txt	1	5368	49.92	58.33	40.65	71.26	7.75	19.80	75.60	8.10	5.25	2.83	0.19	1.77	0.35	10.49	0.58	0.88	1.14	0.43	3.76	1.19	0.58	1.06	1.12	7.75	3.13	0.99	2.37	1.92	0.30
Chedda_Shedda.txt	1	2158	43.60	43.92	52.72	33.77	25.09	15.76	79.38	7.14	3.80	3.34	0.19	2.13	0.51	10.38	0.93	0.93	1.58	1.30	3.38	1.34	0.32	1.11	0.74	6.58	1.81	1.07	2.27	1.85	0.46
ajigoe.txt	1	3886	68.33	48.35	41.51	68.97	30.84	17.45	70.41	5.92	4.09	1.80	0.18	1.11	0.18	7.57	0.51	0.41	0.69	1.26	3.24	1.16	0.41	0.59	1.36	5.76	1.80	1.16	1.70	1.85	0.28
Tony_Teixeira_.txt	1	10005	58.44	38.70	25.24	38.76	18.84	16.95	69.01	6.72	3.71	2.98	0.18	1.70	0.37	6.42	0.19	0.73	0.26	0.65	3.37	1.32	0.66	0.64	0.92	4.43	1.42	0.76	1.30	1.21	0.20
Jaderocks201512.txt	1	2785	78.60	58.93	26.72	33.84	15.30	15.62	69.84	4.13	2.26	1.80	0.18	1.11	0.29	8.98	0.39	0.72	0.79	0.97	2.76	0.97	0.50	0.97	0.86	5.71	2.73	0.68	1.47	1.18	0.32
AyDarbay15.txt	1	1120	50.92	65.62	42.79	24.35	27.32	13.93	78.39	7.05	3.48	3.57	0.18	2.32	0.62	13.12	1.07	0.80	1.34	1.79	5.45	2.59	0.71	0.71	1.43	7.23	3.30	1.34	1.16	1.07	0.80
Darth_PlurInc.txt	1	2252	75.51	51.42	38.94	95.34	17.06	15.81	70.34	6.26	5.42	0.75	0.18	0.13	0.31	5.37	0.04	0.36	0.04	0.31	1.33	0.40	0.44	0.09	0.36	5.60	1.55	1.47	1.20	1.95	0.04
Edwinhymer90.txt	1	3422	46.20	32.64	59.31	93.46	16.61	16.95	84.10	13.97	9.12	4.79	0.18	3.10	0.29	7.36	0.64	0.56	0.41	0.88	4.06	1.26	0.50	0.99	1.29	6.98	2.60	0.76	2.05	1.64	0.50
NopoGinger.txt	1	2855	47.33	36.57	60.02	26.35	58.27	14.96	79.86	7.15	3.57	3.54	0.18	1.89	0.67	8.13	0.46	0.67	0.88	1.16	5.53	1.86	0.88	1.16	1.75	6.20	1.68	1.37	2.21	1.37	0.49
Mr_IWillThrowIt.txt	1	3999	41.10	37.72	40.49	11.28	20.10	16.50	78.62	6.38	2.60	3.73	0.18	2.95	0.20	9.03	0.58	0.58	1.28	0.98	4.13	1.83	0.50	1.28	0.63	6.30	2.13	0.90	1.73	1.38	0.45
BabyJuan209.txt	1	3434	55.78	36.89	62.90	33.30	18.77	15.61	80.31	8.42	4.43	3.99	0.17	2.39	0.61	8.88	0.87	0.67	0.82	0.99	5.36	1.83	0.79	0.87	1.89	6.99	2.33	0.87	2.21	1.81	0.50
craigJOONson.txt	1	576	65.93	60.95	45.44	71.41	41.14	17.71	66.49	6.25	4.34	1.91	0.17	0.35	0.17	6.42	0.17	0.52	0.35	0.87	2.78	0.87	0.35	1.04	0.87	5.90	1.91	0.87	1.39	1.91	0.69
SlippySoTrippy.txt	1	1755	61.82	56.57	38.94	63.58	30.26	15.33	70.20	7.75	4.84	2.85	0.17	1.37	0.40	7.35	0.46	0.34	0.57	0.68	3.48	0.91	0.74	0.80	0.74	5.98	1.71	0.91	1.94	1.60	0.40
LaneMartin6.txt	1	4107	42.88	63.15	33.57	31.59	21.50	16.92	75.16	7.16	3.73	3.38	0.17	2.31	0.24	11.35	0.54	0.58	0.78	1.36	2.29	0.78	0.32	0.41	0.63	7.04	2.61	1.17	1.87	1.80	0.39
cawwwtney.txt	1	4108	41.42	38.03	73.30	54.18	24.75	17.06	81.69	7.45	4.43	2.92	0.17	1.39	0.83	8.67	0.61	0.39	0.71	0.63	3.87	1.10	0.83	0.46	1.19	6.82	1.95	1.39	2.02	1.48	0.56
JesusYouCanSEE.txt	1	12563	44.39	15.41	74.22	17.24	220.40	10.62	82.27	6.93	3.14	3.73	0.17	2.47	0.41	7.03	0.82	0.30	1.03	0.91	4.89	2.11	0.83	0.47	1.40	7.34	1.41	1.46	2.21	2.57	0.31
yufckinlovebre.txt	1	4811	27.11	27.96	57.38	53.93	28.13	13.12	80.21	9.52	5.47	3.97	0.17	2.60	0.29	8.63	0.73	0.67	0.73	1.58	3.72	1.70	0.62	0.48	0.83	6.26	1.83	0.85	1.60	1.95	0.48
SMOKEme__imDRO.txt	1	8515	59.36	54.94	17.46	46.55	24.61	15.51	64.11	5.41	3.24	2.11	0.16	1.05	0.15	8.68	0.36	0.83	1.01	0.46	1.76	0.94	0.22	0.22	0.28	4.69	1.32	0.49	1.69	1.13	0.33
Jerettp.txt	1	11672	62.71	51.78	40.75	40.06	32.88	13.72	73.89	7.33	4.04	3.24	0.16	2.24	0.38	8.93	0.87	0.36	0.41	2.06	3.20	0.93	0.35	1.35	0.40	7.89	2.78	1.27	2.41	2.18	0.38
bathsalt_elixir.txt	1	3081	52.65	35.07	48.05	16.08	43.39	15.32	79.68	6.26	2.76	3.44	0.16	1.98	0.65	8.44	0.58	0.78	0.58	1.49	6.39	2.11	0.84	1.20	2.56	6.85	1.82	1.33	1.98	2.11	0.32
toobvdd.txt	1	2469	57.26	39.45	44.24	57.94	45.72	16.61	74.28	7.05	4.37	2.67	0.16	1.58	0.24	7.45	0.41	0.93	0.85	0.69	3.20	1.26	0.57	0.57	1.01	5.95	1.42	1.05	2.27	1.90	0.36
AyreJordan22.txt	1	1237	48.98	58.31	57.09	57.88	176.71	21.91	76.56	5.74	3.72	2.02	0.16	1.29	0.49	10.35	0.97	0.57	0.57	1.21	2.67	0.89	0.97	0.32	0.49	8.41	3.15	1.78	2.02	2.26	0.40
GGeisingerII.txt	1	3098	58.22	31.77	76.36	49.82	27.91	14.62	82.41	6.81	4.03	2.74	0.16	1.68	0.23	6.97	0.26	0.45	0.87	0.77	4.74	1.23	0.71	1.13	1.94	6.71	1.07	1.58	1.97	2.26	0.55
TakeYuuThere.txt	1	8157	53.93	39.59	43.75	33.38	44.09	14.54	72.49	7.71	4.06	3.62	0.16	2.39	0.39	8.48	0.71	0.51	0.99	0.72	4.77	1.78	0.77	1.19	0.99	6.18	2.33	0.74	1.61	1.67	0.36
Neisha_Nashayy.txt	1	10107	40.73	37.06	67.16	81.42	88.66	14.49	80.19	9.81	6.44	3.35	0.16	1.97	0.38	10.09	0.51	0.62	1.08	0.92	3.45	1.64	0.40	0.42	0.92	6.43	1.98	1.20	1.38	1.89	0.45
Supremo0730.txt	1	17926	58.93	66.15	9.38	53.68	19.44	16.17	64.07	4.71	3.08	1.60	0.16	0.64	0.35	8.76	0.43	0.26	0.52	1.45	1.12	0.41	0.35	0.07	0.28	5.27	1.88	0.99	1.84	0.90	0.41
Richard_Calhoun.txt	1	4566	73.90	55.22	53.96	20.77	17.77	16.40	78.23	6.15	2.89	3.22	0.15	1.45	0.77	9.11	0.85	0.55	0.59	1.88	4.80	1.73	0.61	1.01	1.45	5.89	1.91	0.83	2.10	0.96	0.48
wudupchuck.txt	1	5876	72.57	48.64	39.70	68.19	12.27	17.92	65.11	6.62	4.42	2.18	0.15	1.16	0.32	6.81	0.26	0.51	0.51	0.61	3.83	1.46	0.56	0.54	1.11	6.60	1.96	1.12	1.84	1.91	0.29
Hank226.txt	1	1972	68.27	38.42	26.27	94.57	11.20	16.38	70.89	8.87	6.69	2.18	0.15	0.76	0.61	5.12	0.71	0.25	0.51	0.56	2.38	0.81	0.10	0.05	1.52	6.59	1.88	1.22	1.42	2.28	0.61
bluefeathers7.txt	1	1327	50.87	24.63	60.09	8.61	11.44	14.17	86.66	10.40	4.45	5.88	0.15	4.67	0.53	8.21	0.30	0.38	0.83	0.38	8.44	1.36	2.03	2.79	3.09	8.36	2.11	1.43	2.94	2.56	0.23
alliewardrop.txt	1	7344	38.64	29.43	50.25	64.24	28.03	15.28	74.47	8.51	5.24	3.21	0.15	1.95	0.37	7.80	0.79	0.38	1.01	0.84	3.34	0.69	0.56	0.72	1.21	5.57	1.78	0.97	1.29	1.58	0.38
mirandaalol.txt	1	2007	49.35	36.74	49.51	69.00	38.60	13.85	73.34	8.87	5.58	3.29	0.15	1.00	1.44	8.27	0.55	0.70	0.95	0.45	4.68	1.25	1.40	1.00	0.70	5.88	2.54	0.75	1.40	1.69	0.20
Terence_TerTer.txt	1	1349	65.36	57.64	27.96	75.32	10.54	21.05	60.71	6.82	4.74	2.08	0.15	0.52	0.44	7.26	0.37	0.22	0.96	0.30	2.45	0.89	0.67	0.30	0.44	5.86	1.63	1.85	2.37	1.56	0.07
houseofmaya.txt	1	676	68.11	32.86	97.82	75.23	6.63	14.64	85.65	3.70	3.11	0.44	0.15	0.00	0.30	4.59	0.00	0.00	0.44	0.44	4.44	1.18	2.51	0.00	0.74	6.51	1.48	2.37	0.89	2.07	0.15
Brittanyyx21.txt	1	1355	30.41	48.23	72.43	21.25	43.71	13.87	84.43	6.20	2.88	3.17	0.15	1.55	0.44	11.07	0.15	0.66	1.25	0.52	3.69	1.33	0.81	0.37	0.89	5.24	2.14	0.89	1.03	1.33	0.30
alaynarenay.txt	1	10183	38.12	50.12	62.32	93.87	21.53	14.48	80.51	9.67	7.02	2.63	0.15	1.72	0.37	10.02	0.60	0.64	1.15	0.78	3.54	1.32	0.28	0.66	0.83	7.14	2.27	1.65	2.38	2.25	0.24
_FollowMyTrelle.txt	1	2719	48.68	49.71	45.13	87.53	10.88	17.91	75.03	10.45	7.02	3.42	0.15	1.95	0.48	9.64	1.21	0.11	0.77	1.73	2.87	1.10	0.70	0.22	0.40	6.14	1.95	1.32	1.32	1.77	0.33
getsuperrsonic.txt	1	694	5.70	9.26	89.07	5.65	36.53	12.10	85.88	6.48	2.31	4.18	0.14	2.59	0.29	8.93	0.00	0.00	0.00	0.14	6.77	1.87	1.59	1.15	2.02	5.04	1.01	0.58	1.59	1.30	0.58
rockyd_.txt	1	2115	53.59	64.93	24.85	95.43	21.36	18.49	70.97	12.15	8.42	3.74	0.14	1.51	1.18	8.89	0.80	0.57	0.66	0.95	2.84	0.61	0.33	0.95	0.76	7.23	2.27	1.13	2.70	1.51	0.52
sober_af.txt	1	705	72.33	44.37	35.21	86.94	16.02	18.01	57.45	4.96	4.26	0.71	0.14	0.14	0.28	4.68	0.14	0.43	0.43	0.00	0.28	0.00	0.14	0.00	0.28	2.55	0.85	0.71	0.43	0.71	0.00
joe_patrick16.txt	1	2116	46.05	52.46	82.50	35.69	75.57	17.30	79.25	6.14	3.36	2.79	0.14	1.32	0.28	9.45	0.38	1.28	0.33	1.04	2.88	0.76	0.52	0.85	0.57	7.61	2.93	0.71	1.65	1.84	0.57
Daddy_Pask.txt	1	5650	38.12	49.08	55.21	36.34	17.07	13.06	80.34	6.18	3.36	2.76	0.14	1.17	0.58	9.54	0.51	0.46	1.20	0.78	4.64	1.65	0.62	0.46	1.88	5.98	1.45	1.17	1.75	1.79	0.57
TristanDesnerck.txt	1	9456	52.92	52.12	56.60	39.58	32.49	16.63	74.70	5.71	3.23	2.45	0.14	1.30	0.31	9.87	0.61	0.79	0.73	1.14	4.07	1.39	0.72	1.00	1.00	6.50	2.22	0.99	2.13	1.58	0.35
madiRcoonce.txt	1	2910	39.78	26.01	69.67	41.95	53.89	13.54	80.93	7.42	4.12	3.23	0.14	1.58	0.72	6.32	0.52	0.45	0.93	0.93	3.95	1.31	0.45	0.79	1.44	6.67	1.99	1.20	1.75	1.65	0.55
waylonfearn.txt	1	1456	56.33	50.27	35.79	19.61	14.14	16.83	70.40	7.01	3.30	3.71	0.14	2.27	0.76	8.86	0.62	0.76	0.55	0.82	3.64	1.24	1.03	0.48	0.62	5.91	2.34	1.17	1.58	1.30	0.14
hallie_berryy.txt	1	1458	56.99	25.28	63.34	45.95	18.94	16.12	81.14	9.60	5.35	4.25	0.14	2.06	0.34	5.56	0.14	0.41	0.69	0.62	4.73	1.37	0.82	0.89	1.58	6.04	1.03	1.17	1.65	1.78	0.75
Kveldmann.txt	1	730	70.37	61.33	54.28	78.48	48.67	22.47	74.66	5.34	4.11	1.23	0.14	0.27	0.41	8.36	0.68	0.55	1.78	0.27	1.51	0.55	0.41	0.00	0.55	6.71	2.05	1.51	1.92	2.05	0.27
wes_27.txt	1	2215	50.78	53.79	28.84	39.49	21.93	17.43	69.26	7.45	4.11	3.34	0.14	2.17	0.41	10.88	0.45	0.54	0.90	1.08	3.43	1.35	0.23	0.95	0.63	5.87	2.26	0.90	1.31	1.58	0.27
realCurtMcGurt.txt	1	6708	38.51	46.18	47.85	51.13	25.31	12.98	74.72	6.37	3.82	2.46	0.13	1.40	0.21	8.39	0.51	0.40	0.51	1.10	3.03	1.12	0.75	0.45	0.66	6.34	2.19	0.95	2.04	1.62	0.16
targatrophymark.txt	1	3727	53.07	48.50	34.57	67.36	13.41	13.63	71.93	6.39	4.27	2.07	0.13	1.15	0.27	8.85	0.05	0.51	1.48	0.70	2.17	0.97	0.24	0.24	0.56	7.11	1.99	1.15	2.17	1.80	0.35
JUANUMS.txt	1	2238	56.19	50.36	43.79	90.20	13.73	15.01	74.13	7.73	5.81	1.92	0.13	1.03	0.49	7.82	0.45	0.71	1.25	0.63	4.33	1.88	0.71	0.76	1.30	7.60	2.01	1.74	1.97	1.92	0.27
kevr0ckss.txt	1	747	50.43	24.73	60.68	19.76	46.69	18.34	76.71	7.50	3.48	3.88	0.13	2.14	0.67	6.56	0.13	1.20	0.54	0.80	4.42	1.47	1.07	0.54	1.20	6.16	1.61	1.47	1.74	1.20	0.40
Richyadidas96.txt	1	5237	47.85	44.01	31.01	7.88	42.58	16.36	76.11	6.84	2.65	4.18	0.13	2.73	0.50	9.38	0.46	0.48	0.46	1.34	4.05	1.70	0.53	1.05	0.92	5.54	1.20	1.13	1.62	1.74	0.59
jennajayee.txt	1	1527	54.30	33.51	52.33	63.01	50.90	13.10	72.36	6.16	4.06	2.10	0.13	0.98	0.26	5.30	0.13	0.39	0.46	0.98	2.16	1.05	0.39	0.20	0.72	5.96	0.98	1.11	1.44	2.42	0.26
therealjonhause.txt	1	1532	69.78	55.18	36.92	30.16	23.94	18.60	71.41	8.09	4.18	3.92	0.13	2.35	0.33	8.16	0.46	0.07	0.13	1.31	3.46	0.91	0.52	1.17	0.78	8.55	2.48	2.48	2.94	2.22	0.65
samantha525252.txt	1	768	15.18	38.71	64.18	34.83	21.33	12.37	87.50	7.55	4.04	3.52	0.13	2.34	0.39	13.54	0.26	1.69	1.69	2.99	5.34	0.91	1.04	0.91	1.95	7.03	2.86	0.78	1.56	1.82	0.52
valllgare.txt	1	1565	48.69	28.69	48.87	38.25	19.56	17.51	72.78	8.82	4.73	4.03	0.13	2.68	0.32	5.75	0.45	0.70	0.51	0.77	5.05	1.41	0.77	1.47	1.53	6.45	1.41	1.92	1.53	2.36	0.13
AdrianR_Patino.txt	1	7107	49.47	46.40	47.70	57.16	50.05	14.90	75.12	7.05	4.33	2.67	0.13	1.51	0.39	9.08	0.86	0.62	0.97	1.49	3.83	1.10	0.58	0.83	1.13	6.56	2.34	1.10	1.53	1.83	0.24
thatmarshallvan.txt	1	3970	64.59	47.98	37.06	51.20	14.08	20.23	73.35	6.62	3.98	2.62	0.13	1.51	0.30	7.68	0.30	0.58	1.16	0.76	4.48	1.49	0.45	0.81	1.74	5.24	1.56	1.06	1.46	1.51	0.35
Rodz1LLa.txt	1	10370	45.79	37.65	51.56	41.09	8.96	16.98	81.49	7.35	4.09	3.24	0.13	1.49	0.42	7.68	0.35	0.55	0.47	0.73	3.27	1.01	0.46	0.77	1.02	6.81	1.79	1.31	1.98	1.97	0.42
3point25percent.txt	1	2443	70.06	37.47	64.12	49.38	7.59	17.56	74.58	6.88	4.05	2.78	0.12	1.27	0.61	4.67	0.29	0.04	0.20	0.29	3.89	1.43	0.61	0.53	0.90	6.47	1.47	1.88	2.05	1.60	0.33
TrippyFlippyyy.txt	1	4084	41.44	50.29	31.13	83.00	36.14	21.30	70.52	8.55	5.88	2.67	0.12	1.71	0.29	9.77	0.37	0.39	0.71	0.88	3.53	1.40	0.32	0.78	0.76	5.39	1.89	0.71	1.30	1.86	0.22
superman8128.txt	1	8198	57.72	56.69	14.31	70.11	39.60	21.54	64.99	7.09	4.72	2.37	0.12	1.52	0.30	7.97	0.52	0.59	0.32	0.85	3.17	1.22	0.48	0.82	0.77	6.34	1.43	0.81	2.35	1.94	0.21
EthanH73.txt	1	8204	49.23	55.32	64.37	43.79	107.95	13.15	80.62	7.07	4.01	3.02	0.12	1.80	0.59	11.13	0.43	0.40	0.99	1.60	2.77	1.41	0.38	0.24	0.55	6.61	1.79	0.90	2.00	2.11	0.24
Jasper_Bobby.txt	1	2500	62.50	52.24	25.88	78.53	11.79	16.08	71.32	7.20	5.00	2.12	0.12	1.32	0.32	8.92	0.28	0.80	0.92	1.76	4.20	1.52	0.92	0.48	1.48	6.32	2.08	1.24	2.16	1.36	0.24
FreshClemonade.txt	1	2565	50.76	66.88	57.07	21.00	20.52	16.76	81.33	5.96	2.81	3.12	0.12	1.68	0.58	11.50	0.62	0.47	0.19	1.79	3.86	1.48	0.70	0.66	1.13	6.51	1.79	1.05	2.61	1.17	0.43
RolfPettzy11.txt	1	2576	69.12	42.01	21.12	16.84	37.88	24.65	68.83	7.76	3.53	4.15	0.12	2.68	0.35	5.63	0.39	0.12	0.31	1.32	4.70	1.01	0.70	2.06	1.01	5.94	1.51	1.20	1.82	1.79	0.47
TopChefQueens.txt	1	3468	45.88	39.42	74.92	49.37	13.44	14.04	82.18	9.05	5.16	3.89	0.12	2.31	0.98	9.46	0.52	0.35	0.63	1.33	4.38	1.82	0.63	0.98	0.75	7.04	2.31	1.47	1.99	1.64	0.23
ParadiseXoxoxo.txt	1	1744	52.71	28.32	50.67	46.94	19.38	16.06	73.57	9.06	5.10	3.96	0.11	2.35	1.03	8.83	0.92	0.40	1.09	0.97	5.39	1.49	1.72	0.80	1.26	8.14	2.75	0.86	2.29	2.58	0.23
iamslugnasty.txt	1	4459	69.03	53.77	44.30	89.53	21.65	18.43	70.11	6.55	5.18	1.37	0.11	0.72	0.13	7.22	0.43	0.70	0.31	0.65	1.86	0.43	0.58	0.16	0.27	6.59	2.67	1.21	1.75	1.50	0.38
StevenPadden19.txt	1	2698	76.68	60.96	26.93	56.58	18.48	16.68	75.98	9.86	5.74	4.11	0.11	2.63	0.67	7.26	0.33	0.48	0.44	1.33	2.89	0.85	0.33	1.30	0.33	6.71	1.22	1.78	2.15	2.56	0.37
brenenden.txt	1	1809	40.15	44.29	54.80	57.12	17.56	18.08	76.17	5.31	3.48	1.82	0.11	1.00	0.39	8.40	0.33	0.11	0.28	0.33	2.82	0.77	0.44	0.17	1.05	5.91	1.71	1.00	2.32	1.38	0.39
codypipper.txt	1	4599	51.23	48.35	29.48	42.75	28.57	18.68	72.28	7.33	4.11	3.17	0.11	2.07	0.35	8.18	0.46	0.91	0.50	1.28	3.76	1.22	0.48	0.93	1.28	6.35	1.59	1.48	1.94	1.67	0.48
FitzRJ10.txt	1	3681	45.19	59.44	62.94	53.88	230.06	18.20	81.23	7.69	4.59	3.10	0.11	1.71	0.49	11.98	0.68	1.20	0.87	0.92	3.26	0.87	0.54	0.57	1.01	9.10	3.42	1.49	3.04	2.42	0.49
TylerSchulz6.txt	1	1855	56.16	54.30	51.96	13.39	77.29	14.93	76.82	7.49	3.29	4.20	0.11	2.75	0.43	9.92	1.56	0.49	0.92	1.73	4.42	1.29	0.59	1.35	0.86	8.84	3.18	1.46	2.21	2.16	0.65
dannboobs.txt	1	1934	56.97	38.20	73.50	51.92	47.17	17.06	77.71	6.15	3.77	2.38	0.10	1.81	0.16	8.17	0.78	0.67	0.78	0.57	4.29	1.71	0.57	0.57	1.29	5.22	1.60	0.62	1.76	1.34	0.16
markus_blake.txt	1	1956	38.21	32.65	71.38	9.45	244.50	8.64	86.71	7.92	3.27	4.60	0.10	3.73	0.31	10.74	0.46	0.26	0.87	0.41	4.86	1.28	0.56	1.53	1.43	8.28	1.74	1.23	2.45	3.12	0.26
erikagray10.txt	1	983	49.57	47.97	63.64	54.50	33.90	16.07	78.23	6.10	3.76	2.24	0.10	0.92	0.92	7.93	0.41	0.51	0.20	1.02	3.05	0.71	0.61	0.31	0.92	6.82	2.75	1.53	1.53	1.93	0.20
_badcash.txt	1	17151	33.47	34.90	77.58	33.93	35.07	11.53	82.10	6.64	3.54	3.07	0.10	1.92	0.47	10.97	0.85	0.58	1.01	1.19	3.73	2.01	0.44	0.41	0.68	7.29	2.44	1.17	1.94	2.11	0.24
JoseMagallon.txt	1	4062	50.19	44.62	63.64	25.38	11.91	13.22	82.64	8.00	3.99	4.01	0.10	2.56	0.42	8.30	0.32	0.39	0.44	0.34	3.77	1.33	0.76	0.94	0.49	6.92	1.97	1.92	1.53	1.92	0.22
chloethacat.txt	1	8146	49.75	30.48	74.00	45.86	39.74	15.26	79.78	5.40	3.24	2.15	0.10	0.92	0.52	8.21	0.50	0.61	0.64	0.99	5.17	1.18	0.71	0.71	2.71	6.48	2.41	0.99	1.50	1.77	0.41
LifelessSammy.txt	1	8153	37.89	22.42	77.52	27.20	14.20	12.04	82.03	7.04	3.56	3.47	0.10	2.13	0.65	8.46	0.42	0.65	0.90	0.87	6.30	2.20	0.93	1.52	1.86	6.27	1.79	1.17	1.85	1.73	0.29
FlyGuyJusLivin.txt	1	5150	55.99	29.45	79.40	39.67	36.27	9.42	78.66	4.91	2.78	2.00	0.10	0.95	0.39	6.62	0.50	0.31	1.11	0.97	2.39	0.82	0.58	0.08	0.89	6.66	1.55	1.03	2.23	1.84	0.35
coughlin_sam.txt	1	5206	41.81	53.00	35.95	17.65	16.27	17.19	80.54	9.14	4.28	4.84	0.10	3.30	0.58	11.60	0.50	0.69	1.11	1.42	6.78	1.71	0.77	2.38	2.06	6.84	2.84	1.00	1.69	1.79	0.38
sketsoslut.txt	1	1054	17.49	39.88	56.70	98.52	31.94	14.80	74.67	11.10	8.25	2.56	0.09	0.85	1.14	9.87	0.28	1.23	0.38	0.09	2.66	0.47	0.66	0.38	0.57	6.74	3.42	0.57	1.33	1.80	0.00
McClusterfucks.txt	1	1069	67.31	65.99	17.28	42.76	13.53	23.39	73.43	6.27	3.55	2.62	0.09	1.96	0.28	8.61	0.09	0.09	0.09	1.22	4.02	1.68	0.37	1.59	0.84	9.64	3.84	2.90	2.25	2.62	0.28
danimarie7111.txt	1	10491	62.17	41.30	35.60	90.54	16.95	12.53	73.03	7.21	5.55	1.62	0.09	0.68	0.31	7.36	0.54	0.85	1.65	0.35	3.83	1.23	0.53	0.31	1.35	6.63	2.42	1.05	1.92	1.81	0.26
jtmitchh.txt	1	1200	70.61	34.44	79.76	35.99	16.00	13.17	80.92	5.25	2.92	2.33	0.08	0.58	1.08	5.67	0.50	0.17	0.50	0.58	2.83	0.58	1.08	0.17	1.00	5.25	1.33	1.08	1.17	1.67	0.42
hunterpoole88.txt	1	4845	66.88	48.02	63.40	65.27	27.53	13.89	79.11	6.67	4.38	2.29	0.08	1.30	0.19	8.07	0.47	0.47	0.87	0.93	4.15	1.47	0.68	0.62	1.32	6.21	1.78	0.78	1.78	1.94	0.41
KadeAV.txt	1	6111	60.60	53.60	29.79	28.49	27.04	20.34	68.24	5.27	2.70	2.54	0.08	1.69	0.25	8.57	0.46	0.51	0.56	0.87	3.40	1.42	0.64	0.72	0.83	5.51	1.47	0.98	1.87	1.39	0.38
MitchRuibal.txt	1	2560	76.15	39.81	75.58	85.30	18.82	16.17	81.05	6.80	5.08	1.68	0.08	0.98	0.31	5.59	0.20	0.27	0.12	0.47	3.59	0.59	0.35	0.20	2.27	7.42	1.64	1.88	2.23	2.34	0.23
nick_heinrich.txt	1	1315	51.21	32.96	57.96	71.46	19.06	14.60	79.47	7.91	5.17	2.74	0.08	1.67	0.46	7.30	0.23	0.61	0.38	0.99	3.65	1.14	0.99	0.76	0.53	6.54	1.98	1.22	1.75	1.98	0.61
Phum_Phum.txt	1	1690	48.72	43.89	83.83	76.15	34.49	15.21	79.23	5.80	4.26	1.54	0.06	0.18	0.36	8.05	0.77	0.83	1.01	0.53	2.54	0.47	0.65	0.06	1.18	6.39	2.19	1.36	1.60	2.19	0.18
southcount4lyfe.txt	1	1794	60.34	33.98	42.72	66.89	35.18	16.39	71.52	6.30	4.24	2.06	0.06	0.78	0.39	5.52	0.28	0.17	0.17	0.33	4.01	1.06	0.33	0.28	2.12	4.85	1.39	0.95	1.34	1.56	0.39
tommywaldman_.txt	1	1804	90.27	44.50	13.61	61.51	20.04	18.74	57.32	5.10	3.49	1.61	0.06	0.44	0.06	3.66	0.11	0.33	0.06	0.67	1.27	0.44	0.44	0.00	0.22	3.33	1.05	0.67	1.50	0.33	0.22
ShannonWhaley.txt	1	1858	80.31	57.68	32.64	78.92	10.15	20.94	65.55	5.44	4.14	1.24	0.05	0.59	0.16	5.65	0.27	0.11	0.54	0.16	2.96	0.70	0.70	0.11	1.08	5.65	1.56	1.56	1.94	1.35	0.22
nferg24.txt	1	57	43.45	43.02	50.35	99.00	28.50	14.04	73.68	14.04	10.53	3.51	0.00	1.75	0.00	7.02	0.00	0.00	1.75	1.75	3.51	1.75	1.75	0.00	0.00	12.28	1.75	1.75	0.00	7.02	1.75
Taberock.txt	1	979	77.75	81.01	15.11	99.00	12.24	24.11	66.60	11.64	9.60	2.04	0.00	0.51	0.61	8.58	0.10	1.02	0.20	0.92	3.06	0.41	1.63	0.00	0.31	8.89	2.96	2.25	1.23	2.86	0.92
singleplydragon.txt	1	237	35.40	19.95	53.46	99.00	59.25	14.77	68.78	10.97	8.86	2.11	0.00	0.84	0.84	5.06	0.00	1.69	0.00	0.00	2.11	0.42	0.42	0.42	0.84	6.75	2.53	1.27	0.84	2.53	0.42
Nikki_McKay.txt	1	94	41.79	58.41	37.87	93.02	4.70	13.83	79.79	12.77	8.51	4.26	0.00	2.13	0.00	8.51	0.00	0.00	1.06	0.00	3.19	1.06	2.13	0.00	0.00	10.64	2.13	4.26	0.00	6.38	0.00
Creegs_5.txt	1	256	65.70	51.56	48.02	98.83	21.33	23.44	73.83	10.55	8.20	2.34	0.00	1.95	0.00	8.59	0.39	0.39	1.17	1.17	4.30	0.78	1.56	1.17	1.56	11.72	3.52	2.34	4.69	1.56	0.00
Guchata_.txt	1	342	44.28	46.49	58.07	95.42	19.00	16.96	85.96	8.48	6.43	1.75	0.00	0.88	0.29	9.36	0.29	0.29	0.00	1.17	4.68	0.29	2.92	0.58	0.29	8.19	2.92	2.05	2.34	1.17	0.29
rayfloydd.txt	1	1012	57.14	22.04	96.27	85.98	15.57	13.04	84.58	8.20	5.83	2.37	0.00	1.19	0.40	5.53	0.10	0.20	0.89	0.30	4.55	1.28	1.19	0.99	0.99	6.32	1.28	1.48	2.47	1.68	0.00
Vital45beats.txt	1	1334	73.89	53.90	60.77	94.90	10.93	15.52	77.89	6.60	5.55	0.97	0.00	0.37	0.37	7.42	0.22	0.37	1.05	0.22	3.22	0.82	1.42	0.15	0.37	8.55	1.87	2.55	3.37	1.95	0.15
critttybryant_.txt	1	73	31.12	29.17	90.21	76.42	73.00	26.03	78.08	8.22	5.48	2.74	0.00	1.37	1.37	9.59	0.00	1.37	0.00	0.00	2.74	0.00	2.74	0.00	0.00	5.48	2.74	1.37	0.00	1.37	0.00
TheScottKirk.txt	1	1449	50.99	43.69	41.68	81.67	241.50	19.32	73.98	7.80	5.38	2.28	0.00	1.73	0.41	8.49	0.35	1.38	0.41	0.97	4.07	1.45	0.21	0.62	1.59	7.25	2.69	1.66	0.97	2.21	0.07
10ParsonsG.txt	1	171	46.75	29.92	92.93	86.53	34.20	15.20	84.80	7.02	5.26	1.75	0.00	0.58	0.58	8.19	0.58	0.00	0.00	0.58	1.75	0.00	0.58	0.00	1.17	6.43	3.51	2.34	1.17	0.58	1.17
Float_on_always.txt	1	115	16.90	66.81	49.13	93.61	6.76	18.26	81.74	6.09	5.22	0.87	0.00	0.00	0.00	13.04	0.00	0.87	0.00	0.00	6.96	3.48	0.87	0.00	1.74	9.57	3.48	1.74	1.74	3.48	0.00
LikeAHoe101.txt	1	259	21.26	12.34	85.75	39.58	11.77	11.97	89.58	9.27	5.02	4.25	0.00	2.32	0.77	5.79	0.00	0.00	0.77	0.00	7.34	1.93	0.00	1.16	4.25	6.56	1.93	1.16	1.54	1.54	0.77
Dee_Papa_Pimpin.txt	1	198	34.01	85.56	20.99	25.77	15.23	17.68	80.81	9.09	4.55	4.55	0.00	2.53	1.01	13.64	0.00	0.00	1.52	0.00	4.55	1.01	0.00	0.51	2.53	6.57	2.02	1.01	1.01	1.52	1.01
ghost_812.txt	1	1163	44.74	57.84	60.06	28.63	581.50	11.61	87.70	8.68	4.39	4.21	0.00	3.44	0.09	12.64	0.77	0.60	0.86	1.81	4.99	2.15	0.69	0.95	1.38	7.91	2.49	1.55	1.46	2.58	0.43
lubrey151.txt	1	1591	49.49	50.25	65.44	69.60	28.93	12.32	79.26	6.16	4.21	1.89	0.00	0.88	0.57	9.99	0.31	0.57	0.50	1.01	3.46	1.38	0.57	0.25	0.63	6.73	2.20	1.13	2.20	1.63	0.06
Kcrowe95.txt	1	526	66.24	60.51	23.83	65.39	9.92	21.86	65.02	5.89	3.99	1.90	0.00	1.14	0.00	7.60	0.19	0.76	0.38	0.95	3.04	0.19	0.76	0.76	1.14	7.03	2.47	1.52	1.52	2.66	0.57
MD_LC33.txt	1	463	31.59	53.46	56.83	19.33	57.88	13.82	83.15	7.56	3.46	3.89	0.00	2.81	0.86	11.66	0.22	0.22	0.86	0.65	4.97	1.51	0.86	0.65	2.16	7.34	1.51	2.38	1.73	2.81	0.22
NickVartanian.txt	1	947	54.25	35.96	47.98	13.02	86.09	17.85	76.66	7.71	3.38	4.33	0.00	2.64	0.42	8.13	0.32	1.06	0.21	1.90	4.12	0.84	0.84	2.01	0.74	7.71	2.32	1.37	2.64	1.90	0.53
Carlos_isBeast.txt	1	603	54.99	58.52	33.29	40.70	14.71	19.73	66.67	5.97	3.32	2.49	0.00	1.16	0.83	8.29	0.33	0.33	0.00	1.00	1.49	0.33	0.17	0.66	0.17	6.14	2.16	0.83	1.66	1.82	0.17
jonny_smith95.txt	1	1385	58.94	20.52	60.52	1.72	32.21	12.35	75.67	8.30	2.60	5.56	0.00	4.62	0.29	4.91	0.29	0.36	0.00	0.65	7.73	2.38	1.81	1.95	2.02	7.80	1.16	1.81	2.60	2.82	0.07
999Sheridan.txt	1	273	54.14	50.00	68.01	8.35	54.60	16.48	76.92	6.96	2.56	4.03	0.00	2.93	0.73	8.79	0.73	0.37	0.37	1.83	3.30	0.73	0.37	1.10	1.10	6.23	2.20	1.10	1.83	2.20	0.00
Gaski991.txt	1	146	78.22	63.40	38.05	9.10	29.20	9.59	73.29	5.48	2.05	3.42	0.00	0.00	0.68	7.53	0.00	1.37	0.00	4.11	0.68	0.68	0.00	0.00	0.00	5.48	0.00	0.00	1.37	2.05	2.05
AustinHaas66.txt	1	76	76.19	92.60	33.36	2.51	12.67	38.16	67.11	5.26	1.32	3.95	0.00	2.63	1.32	15.79	1.32	2.63	1.32	0.00	5.26	0.00	2.63	1.32	1.32	14.47	5.26	5.26	2.63	3.95	0.00
tlove561.txt	1	165	71.07	45.18	8.41	17.02	165.00	29.09	46.67	1.82	0.61	1.21	0.00	0.00	1.21	4.24	0.00	0.00	0.00	1.21	0.61	0.61	0.00	0.61	0.00	4.85	0.00	2.42	1.21	1.82	0.00