433,0
424,0
424,0
405,0
396,0
382,0
395,0
384,0
377,0
374,0
453,0
437,0
423,0
419,0
418,0
407,0
377,0
416,0
460,0
453,0
439,0
427,0
426,0
418,0
418,0
418,0
417,0
415,0
413,0
411,0
411,0
399,0
391,0
420,0
413,0
413,0
387,0
387,0
387,0
442,0
416,0
398,0
376,0
371,0
374,0
454,0
376,0
426,0
421,0
412,0
403,0
386,0
381,0
371,0
371,0
388,0
385,0
449,0
414,1
397,0
392,1
391,1
373,0
379,0
382,0
431,0
382,0
382,0
452,0
450,0
450,0
448,0
447,0
438,0
438,0
437,0
402,0
401,0
386,0
381,0
397,0
396,0
414,0
453,0
380,0
424,0
436,0
400,0
388,0
388,0
450,1
450,0
446,0
439,0
433,0
400,0
396,0
372,0
386,0
386,0
383,0
371,0
371,0
371,0
426,0
454,0
454,0
434,1
430,0
417,0
394,0
394,0
394,0
394,0
394,0
371,0
437,1
404,0
403,0
399,0
420,0
401,0
445,0
444,0
444,0
416,0
391,1
385,0
383,0
451,0
426,0
424,0
417,0
410,0
408,0
408,0
384,0
416,0
395,0
383,0
400,0
449,0
439,1
405,0
405,0
394,0
387,0
426,0
384,1
460,0
383,0
374,0
460,0
431,1
378,0
458,0
445,0
441,0
427,0
377,0
459,0
417,0
375,0
445,0
417,0
446,0
440,0
434,0
430,0
411,0
382,0
382,0
446,0
441,0
397,0
383,0
411,0
382,0
371,0
460,0
453,0
445,0
445,0
417,0
405,0
402,0
454,1
417,0
415,0
381,0
375,0
459,1
423,0
417,0
417,0
379,0
380,0
419,0
452,0
397,0
447,0
440,0
391,0
458,0
445,0
441,0
441,0
400,0
396,0
395,0
379,0
410,0
376,0
425,1
420,0
406,0
445,0
421,0
416,0
420,1
408,0
408,0
396,1
388,0
423,0
375,0
449,0
429,0
417,0
414,0
414,0
410,0
378,0
371,0
458,0
444,0
444,0
424,0
420,0
417,0
454,0
449,0
438,0
447,0
381,0
373,0
450,0
405,1
405,0
387,0
452,1
446,0
442,0
442,0
439,0
438,0
435,0
435,0
433,0
431,0
428,0
425,0
425,0
423,0
417,0
417,0
417,0
416,0
415,0
414,0
407,0
404,0
397,0
389,0
389,0
386,0
376,0
375,0
371,0
371,0
371,0
460,0
454,0
447,0
447,1
445,0
423,0
422,0
421,0
414,0
391,0
429,0
426,0
425,0
419,0
400,0
387,0
396,0
424,0
414,0
405,0
448,0
424,0
422,0
390,0
409,0
429,0
423,0
393,0
393,0
459,0
411,0
447,0
445,0
411,0
398,0
387,0
376,0
454,0
385,0
454,0
454,0
447,0
431,0
431,0
426,0
417,0
415,0
414,0
406,0
404,0
402,0
399,0
397,0
383,0
383,0
377,0
376,0
375,0
429,0
387,0
460,0
385,0
437,0
413,0
391,1
389,1
377,0
391,0
447,0
422,0
422,0
416,0
416,0
411,0
411,0
398,0
383,0
384,0
374,0
453,0
424,0
412,0
386,0
454,0
412,0
405,0
404,0
438,0
434,0
379,0
457,0
388,1
426,1
381,0
447,0
437,0
437,0
422,0
417,0
396,0
432,0
432,0
425,0
402,0
383,0
386,0
454,0
433,0
374,0
427,0
427,0
410,0
397,0
375,0
375,0
457,0
418,0
409,0
404,0
460,0
423,0
419,0
417,0
413,0
411,0
406,0
394,0
384,0
417,0
417,0
423,0
431,0
413,0
446,0
437,1
396,0
396,0
396,0
376,0
386,0
384,0
376,0
384,0
452,0
421,0
416,0
378,0
377,0
372,1
454,0
412,0
404,0
452,0
449,0
404,0
384,0
371,0
381,1
381,1
441,0
457,0
447,0
445,0
445,0
439,1
426,0
419,0
419,0
418,0
416,0
416,0
396,0
391,0
386,0
376,0
372,0
372,0
450,0
425,0
425,0
425,0
