69,0
60,0
58,0
40,0
39,0
38,0
26,0
17,0
11,0
7,0
7,0
5,0
2,0
2,0
30,0
32,0
12,0
3,0
44,0
37,0
8,0
78,0
68,0
15,0
7,0
7,0
47,0
33,0
50,0
32,0
5,0
56,0
54,0
51,0
19,0
60,0
44,0
21,0
83,0
82,0
19,0
75,0
67,0
70,0
63,0
63,0
20,0
20,0
68,0
29,0
23,0
3,0
3,0
3,0
3,0
3,0
45,0
53,0
15,0
9,0
34,0
10,0
25,0
5,0
25,1
84,0
79,0
78,0
32,0
89,1
74,0
87,0
61,0
61,0
61,0
61,0
61,0
59,0
58,0
55,0
54,0
49,0
48,0
47,1
34,0
9,1
9,0
9,0
59,0
48,0
7,0
25,0
57,0
43,0
26,0
25,0
19,0
11,0
11,0
15,0
9,0
4,0
66,0
88,0
77,0
7,0
7,0
7,0
4,0
43,0
80,0
47,0
24,0
20,1
20,0
18,0
10,0
1,0
63,0
9,0
88,0
88,0
86,0
21,0
21,0
16,0
11,0
5,0
5,0
3,0
77,0
45,0
34,0
27,1
26,0
25,0
49,0
16,0
70,0
54,0
34,0
32,1
79,0
75,0
75,0
74,0
74,0
72,0
6,0
41,1
9,0
70,0
79,0
60,0
79,0
15,0
5,0
43,0
33,0
73,0
62,0
52,0
40,0
30,0
11,0
10,0
10,0
10,0
5,0
3,0
0,1
