52,0
19,0
18,0
11,0
11,0
3,0
38,0
32,0
13,0
80,0
63,0
52,0
42,0
17,0
12,0
9,0
9,0
86,0
24,0
84,0
54,0
48,1
85,0
74,0
74,0
64,0
64,0
64,0
64,0
58,0
57,0
55,0
53,0
52,0
35,0
12,0
46,0
75,0
68,0
60,0
58,0
56,0
56,0
6,1
4,0
4,0
4,0
3,0
3,0
81,1
31,0
7,0
6,0
1,0
79,0
78,0
72,0
72,0
59,0
59,0
46,1
87,1
7,1
55,0
62,0
87,0
80,0
78,0
74,0
74,0
74,0
74,0
74,0
56,0
72,0
56,0
79,0
83,0
17,0
2,0
80,0
71,0
71,0
63,0
48,0
41,0
15,0
87,0
26,0
83,0
58,0
8,0
45,0
42,0
42,0
70,0
34,0
32,0
36,0
89,0
86,0
70,0
62,0
51,0
51,0
51,0
23,0
78,0
78,0
68,0
43,0
10,0
69,0
62,0
25,0
25,0
52,0
20,0
52,0
47,0
47,0
45,0
40,0
39,0
39,0
39,0
33,0
30,0
10,0
74,0
51,0
19,0
16,0
20,0
19,0
9,0
69,0
54,1
54,1
35,0
35,0
25,0
13,0
4,0
45,0
8,0
26,0
26,0
84,0
70,0
59,0
46,0
21,0
20,0
20,0
11,0
