68,0
40,0
32,0
21,0
12,0
4,0
25,0
77,0
69,0
87,0
81,0
73,0
73,0
38,0
9,0
17,0
87,0
55,1
89,0
74,0
61,1
61,1
42,0
27,1
22,1
21,0
21,0
17,0
17,0
82,0
77,0
61,0
43,0
20,0
18,0
15,0
9,0
9,0
9,0
5,0
5,0
2,0
73,0
55,0
73,0
62,1
29,1
90,0
81,0
17,0
39,0
65,0
52,0
37,0
22,0
85,0
79,0
79,0
30,0
19,0
5,0
4,0
4,0
88,0
83,0
77,0
62,0
54,0
50,0
47,0
41,0
26,0
66,0
84,0
77,0
77,0
71,0
68,0
66,0
59,0
44,1
44,0
37,0
35,0
35,0
29,0
25,0
18,0
16,0
14,0
11,0
10,0
7,0
7,0
12,0
60,0
79,0
32,0
11,0
11,0
87,0
38,0
69,1
68,0
66,0
40,0
26,0
50,0
31,0
1,0
66,0
12,0
87,0
86,0
84,0
84,0
82,0
82,0
81,0
78,0
74,0
74,0
73,0
73,0
70,0
67,0
66,0
66,0
65,0
51,0
50,0
50,0
48,0
45,0
42,0
42,0
40,0
40,1
39,0
39,1
39,0
38,0
38,0
38,0
37,0
35,0
34,0
34,0
34,0
4,0
3,0
70,0
90,0
87,0
85,0
79,0
70,0
70,0
69,0
69,0
69,0
62,0
60,0
36,0
35,0
3,0
49,0
39,0
39,1
34,0
28,0
24,0
85,0
47,0
38,0
26,0
5,0
30,0
2,0
2,0
2,0
2,0
2,0
2,0
2,0
12,0
53,0
42,0
27,0
0,0
88,0
79,0
73,0
71,0
89,0
86,0
83,0
81,0
81,0
81,0
76,0
74,0
74,0
71,0
66,0
66,0
62,0
61,0
48,0
44,0
32,0
31,0
17,0
12,0
89,0
79,0
38,0
38,1
12,0
12,0
70,0
60,0
23,0
7,0
5,0
4,0
12,0
64,0
38,0
1,0
84,0
81,1
79,0
79,0
73,0
71,0
65,0
65,0
55,0
47,0
42,0
37,0
35,0
21,0
89,0
82,0
68,1
28,0
18,0
72,0
67,0
63,1
46,0
42,0
26,0
