30,0
12,0
5,1
4,0
59,0
58,0
62,0
22,0
57,0
57,0
53,0
26,0
51,0
30,0
27,0
21,0
72,0
60,0
87,1
81,0
77,0
76,0
72,0
72,0
76,0
25,0
24,0
90,0
90,0
69,0
58,0
58,0
33,0
33,0
24,0
24,0
9,0
9,0
15,0
38,0
22,0
26,0
77,0
66,0
59,0
57,0
48,1
44,1
41,1
40,0
38,0
33,0
33,1
33,1
28,0
28,1
24,1
24,0
7,0
5,0
4,0
3,0
59,0
49,0
22,1
22,1
22,1
19,0
3,0
3,0
55,0
54,0
50,0
50,0
58,0
58,0
58,0
58,0
58,0
76,0
63,0
25,0
53,0
50,0
20,0
44,0
8,0
65,0
85,0
80,0
72,0
69,0
65,0
48,0
27,0
76,0
75,0
54,0
27,0
20,0
20,0
85,0
76,0
31,0
31,0
17,0
5,0
30,0
60,0
73,0
5,0
68,0
54,0
58,1
60,0
31,0
88,0
67,0
67,0
23,1
16,0
75,0
77,1
76,0
43,0
46,0
46,0
80,0
76,0
72,0
3,0
88,0
85,0
55,0
4,0
81,0
80,0
72,0
66,0
63,0
63,0
32,0
22,1
10,0
10,0
7,0
5,0
3,0
2,0
45,0
13,0
65,0
27,0
87,0
79,0
77,0
55,0
50,1
69,0
60,0
23,0
8,0
43,0
7,0
1,1
88,0
87,0
63,0
23,0
58,0
21,0
9,0
2,0
1,0
23,0
20,0
27,0
72,0
32,0
32,0
32,0
32,0
30,0
68,0
45,0
82,0
63,0
63,0
1,0
88,0
87,0
88,0
80,0
63,0
58,0
50,0
32,0
3,0
77,0
64,0
64,0
64,0
63,0
25,0
24,0
9,0
7,0
1,0
67,0
61,0
25,0
21,1
31,0
27,0
86,0
44,0
44,0
25,0
14,0
11,0
6,0
90,0
86,0
84,0
68,0
64,0
63,0
60,0
21,0
5,0
3,0
90,0
90,0
71,0
66,0
89,0
9,0
9,0
9,0
9,0
8,0
1,0
22,1
15,0
73,0
12,0
74,0
66,0
50,0
67,0
5,0
5,0
3,0
42,0
43,0
68,0
51,0
51,0
51,0
15,0
3,0
22,0
72,0
43,0
46,0
90,0
90,0
87,0
42,0
23,0
17,0
50,0
89,0
85,0
83,0
82,0
78,0
75,0
51,0
41,0
40,0
23,0
23,0
18,0
12,0
11,0
87,0
81,0
80,0
73,0
69,0
67,0
64,0
63,0
63,0
57,0
53,0
53,0
53,0
52,0
39,0
25,0
24,0
24,0
17,0
3,0
80,0
57,0
55,0
90,0
88,0
85,0
85,0
85,0
83,0
82,0
79,0
79,0
78,0
90,0
90,0
85,0
79,0
78,0
77,0
77,0
77,0
73,0
57,0
51,0
15,0
75,0
10,0
81,0
55,0
55,0
34,0
32,0
31,1
9,0
5,0
89,0
80,0
75,0
50,0
28,1
61,0
33,0
69,0
54,0
50,1
8,0
85,0
24,0
14,0
0,0
80,0
57,0
38,0
90,0
74,0
65,0
55,0
53,0
16,0
8,0
86,0
86,0
83,1
80,0
78,0
77,0
85,0
76,0
75,0
75,0
73,0
62,0
58,0
40,0
30,0
24,0
18,0
6,0
0,0
32,0
19,0
86,0
84,0
81,0
81,0
80,0
78,0
63,0
59,0
53,0
52,0
51,0
44,0
43,0
15,0
69,0
67,0
67,0
64,0
21,1
21,0
86,0
33,0
18,0
90,0
82,0
33,0
31,0
26,1
24,0
10,0
4,0
27,0
27,0
25,0
25,0
66,0
55,0
23,0
16,0
74,0
74,0
67,0
67,0
64,0
43,0
41,0
18,0
16,0
29,0
88,0
56,0
51,0
46,0
22,1
30,1
4,0
81,0
80,1
79,0
78,0
72,0
72,0
14,0
14,0
14,0
41,0
41,0
1,0
57,0
59,1
58,0
44,0
17,0
61,0
75,0
72,0
69,0
27,0
88,0
74,0
71,0
59,0
49,0
49,1
39,0
39,0
30,0
30,0
25,0
16,0
14,0
74,0
64,0
87,0
80,0
77,0
76,0
75,0
75,0
74,0
74,0
70,0
68,0
63,0
63,0
62,0
62,1
62,0
61,0
61,0
52,0
50,0
31,0
29,0
22,1
18,0
18,1
18,0
18,0
4,0
4,0
4,0
4,0
45,0
12,0
88,0
88,0
76,0
76,0
74,0
72,0
70,0
70,0
69,0
64,0
61,0
59,0
58,0
52,0
52,0
10,0
53,1
83,1
64,0
43,0
38,0
29,0
6,0
76,0
72,0
67,0
62,0
62,0
60,0
44,0
23,0
18,0
14,0
87,1
87,1
53,0
49,0
36,1
74,1
69,0
72,0
34,0
65,0
61,0
7,0
72,0
54,1
22,1
29,0
83,0
52,1
0,0
80,0
80,0
76,0
76,0
76,0
76,0
75,0
75,0
75,0
72,0
69,0
69,0
67,0
66,0
62,0
55,0
55,0
50,1
52,1
40,0
39,0
72,0
69,0
66,0
20,0
61,0
61,0
31,0
12,0
6,0
50,1
83,0
78,0
60,0
28,0
85,0
61,0
59,0
44,0
40,0
36,0
61,0
88,0
67,0
58,0
46,0
1,0
46,0
76,0
7,0
71,0
86,0
86,0
70,0
34,0
15,0
15,0
4,0
73,0
65,0
63,0
60,0
48,0
39,0
32,0
60,0
85,0
85,0
38,0
45,0
18,0
8,1
4,0
88,0
69,0
28,0
21,0
21,0
5,0
4,0
4,0
76,0
76,0
76,0
76,0
67,0
61,0
61,0
61,0
61,0
60,0
60,0
59,0
83,1
83,0
75,0
72,0
66,0
78,0
75,0
67,0
38,0
12,0
10,0
5,0
5,0
57,0
57,0
36,0
24,0
73,0
71,0
50,0
44,0
44,0
31,0
12,0
11,0
80,0
78,0
46,1
41,0
39,0
12,0
73,0
65,0
65,0
65,0
78,0
85,0
80,0
76,0
65,0
15,0
61,0
79,0
61,0
46,0
42,0
29,0
25,0
18,0
18,0
10,0
40,0
40,0
32,0
86,0
47,0
43,0
39,1
38,0
34,0
22,0
19,0
13,0
4,0
54,0
54,0
48,0
39,0
5,0
77,0
66,0
60,1
49,0
48,0
33,0
15,0
81,0
50,1
28,0
27,0
5,0
45,0
86,0
77,0
63,0
61,0
61,0
32,0
12,0
3,0
66,0
60,0
60,0
35,0
80,0
77,1
51,0
50,1
30,0
85,0
2,0
80,0
74,0
62,0
54,0
40,0
28,0
4,0
2,0
84,0
80,0
63,0
45,0
42,0
38,0
84,0
84,0
84,0
72,0
51,0
41,0
38,0
38,0
32,0
3,0
90,0
45,0
86,0
36,0
15,0
76,0
52,0
61,0
26,0
7,0
82,0
77,0
75,0
68,0
67,0
57,0
50,0
47,0
32,0
25,0
24,0
64,0
62,0
88,0
85,0
71,0
65,0
65,0
64,0
63,0
63,0
55,0
45,0
45,0
30,0
29,0
29,0
22,0
15,0
21,0
9,0
4,0
63,0
13,0
90,0
85,0
82,0
