83,0
39,0
33,0
33,0
72,0
47,0
80,0
78,0
78,0
78,0
15,0
3,0
4,0
74,0
52,0
36,0
21,0
19,0
19,0
61,0
61,0
59,0
63,0
49,0
16,0
0,0
89,0
80,0
50,0
35,0
32,0
24,0
25,1
31,0
12,0
11,0
10,0
10,0
2,0
37,0
15,0
15,0
6,0
68,0
89,0
29,0
82,0
70,0
25,0
11,0
69,0
85,0
74,0
33,0
30,0
86,0
14,0
20,0
44,0
13,0
78,0
72,0
71,0
70,0
62,0
55,0
54,0
54,0
53,0
51,0
50,0
45,0
40,0
88,0
49,0
35,1
14,0
10,0
31,0
25,0
23,0
4,0
88,0
43,0
41,0
35,0
16,0
15,0
3,0
18,0
88,0
78,0
78,0
77,0
57,0
33,0
16,0
6,0
74,0
72,0
54,0
52,0
48,0
34,0
27,0
22,0
21,0
21,0
18,0
17,0
14,0
87,0
81,0
81,0
81,0
77,0
77,0
75,0
72,0
70,0
69,1
69,0
68,0
65,0
65,0
65,0
61,0
59,0
58,0
58,1
57,0
56,0
56,0
56,0
56,0
56,0
56,0
53,0
53,0
52,0
87,0
88,1
88,0
88,1
86,0
77,0
44,1
32,0
9,0
87,0
82,0
78,0
78,0
76,0
72,0
65,0
58,0
25,0
21,0
20,0
19,0
15,0
87,0
16,0
64,0
84,0
65,0
62,0
16,0
85,0
19,0
12,0
26,0
86,0
58,0
4,0
31,0
43,0
5,0
76,0
7,0
83,0
74,0
72,0
72,0
72,0
71,0
3,0
51,0
3,0
68,0
9,1
2,0
20,0
10,0
7,0
41,0
21,0
35,0
78,0
69,0
68,0
58,0
47,0
18,0
10,0
1,0
88,1
65,0
30,0
12,0
2,0
89,0
88,0
88,0
69,0
68,0
34,0
70,0
32,0
4,0
79,0
79,1
78,0
78,0
65,0
64,0
63,0
63,0
63,0
59,0
59,0
58,0
57,0
44,0
37,0
33,0
26,0
21,0
16,0
14,0
8,0
4,0
72,0
43,0
31,0
30,0
37,0
7,0
7,0
54,0
85,0
83,0
82,0
77,0
73,0
67,0
38,0
37,0
36,0
11,0
78,0
30,0
62,0
20,0
70,0
43,0
43,0
33,0
72,0
49,0
30,0
36,0
63,0
52,1
23,0
85,0
65,0
60,0
58,0
49,0
49,0
35,0
34,0
34,0
30,0
30,0
29,0
20,0
37,0
18,0
9,0
45,0
35,0
11,0
6,0
87,0
59,1
47,0
44,0
44,0
39,0
24,0
11,1
45,0
30,0
30,0
0,0
47,0
74,0
40,0
13,0
2,0
