76,0
71,0
63,0
51,0
48,0
41,0
40,0
39,1
30,0
27,0
25,0
23,0
21,0
19,0
14,0
7,0
7,0
3,0
86,0
85,0
84,0
80,0
80,1
75,0
71,0
68,0
66,0
66,0
60,0
59,0
58,0
55,0
55,0
55,0
53,0
53,0
52,0
52,0
44,0
43,0
41,0
41,0
41,0
40,0
38,0
37,0
35,0
30,0
28,0
24,0
24,0
24,0
22,0
20,0
20,0
20,0
16,0
16,0
12,0
12,0
11,0
6,1
6,0
5,0
3,0
3,0
2,0
2,0
2,0
0,0
57,0
48,0
29,0
88,0
77,0
64,0
62,0
61,0
61,0
55,0
55,0
48,0
30,0
25,0
49,0
14,0
77,0
89,0
86,0
81,0
85,0
59,0
53,0
50,0
48,0
48,0
48,0
83,0
62,0
53,0
41,0
32,0
23,0
15,0
14,1
14,0
38,0
37,0
37,0
33,0
8,0
71,0
43,1
0,0
44,0
17,0
72,0
45,0
38,0
87,0
48,0
9,0
3,0
37,0
74,0
47,0
47,0
43,0
64,0
2,0
16,0
16,0
14,0
14,0
14,0
10,0
6,0
3,0
1,0
0,0
77,0
43,0
7,0
26,0
19,0
79,0
68,0
48,0
21,0
16,0
