49,0
44,0
39,0
62,0
62,0
44,0
44,0
39,0
39,0
39,0
39,0
23,0
3,0
47,0
47,0
47,0
24,0
84,0
72,0
57,0
53,0
51,1
45,0
42,0
39,0
38,0
38,0
37,0
35,0
35,0
31,1
24,0
18,0
18,0
17,0
16,1
13,0
10,0
7,0
87,0
44,0
44,0
44,0
42,0
41,0
38,0
25,0
25,0
24,0
24,0
24,0
22,0
16,0
8,0
3,1
83,0
17,0
45,0
40,0
51,0
24,0
79,0
86,0
86,0
84,0
84,0
75,0
69,0
68,0
60,0
58,0
56,0
55,0
55,0
47,0
47,0
43,0
43,0
41,0
41,0
39,0
30,0
28,0
28,0
28,0
28,0
27,0
25,0
24,0
23,0
21,0
21,0
20,0
20,0
20,0
20,0
18,0
16,0
14,0
14,0
79,0
65,0
65,0
44,0
41,0
41,1
3,0
83,0
41,0
41,1
31,0
24,0
21,0
14,0
14,0
68,0
19,0
74,0
70,0
51,0
39,0
8,0
63,0
41,0
37,0
51,0
44,0
85,0
81,0
59,0
46,0
43,0
43,0
38,0
38,0
65,0
58,0
54,0
38,0
38,0
32,0
24,0
21,0
15,0
12,0
74,0
72,0
71,0
68,0
31,0
87,0
74,0
74,0
73,0
72,0
71,0
68,0
61,0
59,0
59,0
59,0
58,0
56,0
53,0
52,0
43,0
41,0
41,0
41,0
34,0
32,0
32,0
31,0
28,0
26,0
26,0
17,0
17,0
13,0
12,0
12,0
9,0
6,0
89,0
85,0
84,0
77,1
74,0
68,0
59,0
57,0
56,0
54,0
30,0
28,0
28,0
22,0
18,0
14,0
42,0
44,0
52,0
65,0
