-118,0
-87,0
-103,0
-106,0
-119,0
-139,0
-133,0
-82,0
-139,0
-140,0
-82,0
-82,0
-90,0
-101,0
-101,0
-135,0
-97,0
-81,0
-121,0
-125,0
-124,0
-80,0
-119,0
-82,0
-133,0
-128,0
-107,0
-116,0
-55,0
-79,0
-140,0
-63,0
-79,0
-96,0
-97,0
-97,0
-98,0
-101,0
-104,0
-104,0
-111,0
-111,0
-111,0
-113,0
-117,0
-118,0
-118,0
-119,0
-119,0
-125,0
-125,0
-126,0
-126,0
-126,0
-126,0
-139,0
-78,0
-88,0
-92,0
-116,0
-116,0
-116,0
-100,0
-125,0
-134,0
-123,0
-90,0
-91,0
-59,1
-119,0
-57,0
-68,0
-129,0
-53,0
-53,0
-107,0
-89,0
-108,0
-68,0
-124,0
-119,0
-56,0
-56,0
-61,0
-62,0
-78,0
-104,0
-118,0
-130,0
-131,0
-79,0
-114,0
-101,0
-96,0
-96,0
-97,0
-97,0
-123,0
-118,0
-58,0
-78,0
-97,0
-68,0
-68,1
-106,0
-78,0
-120,0
-123,0
-123,0
-124,0
-124,0
-135,0
-60,0
-133,0
-136,0
-52,0
-53,0
-104,0
-52,0
-98,0
-73,0
-81,0
-83,0
-87,0
-90,0
-112,0
-118,1
-71,0
-82,0
-137,0
-139,0
-137,1
-60,0
-93,0
-103,0
-132,0
-136,0
-60,0
-78,0
-78,0
-79,0
-98,0
-98,0
-98,0
-104,0
-110,0
-110,0
-113,0
-114,0
-119,0
-119,0
-127,0
-130,0
-132,0
-132,0
-140,0
-119,0
-123,0
-123,0
-123,0
-123,1
-123,0
-123,0
-123,0
-81,0
-131,0
-137,0
-73,0
-119,0
-130,0
-81,0
-83,0
-121,0
-53,0
-86,0
-88,0
-104,0
-114,0
-121,0
-103,0
-103,0
-97,0
-97,0
-123,0
-117,1
-120,0
-89,0
-52,0
-52,0
-65,0
-83,0
-115,0
-98,0
-100,0
-82,0
-83,0
-136,0
-139,0
-62,0
-62,0
-69,0
-83,0
-101,0
-111,0
-136,0
-139,0
-96,0
-93,0
-88,0
-89,0
-100,1
-74,0
-75,0
-81,0
-81,0
-105,0
-122,1
-131,0
-132,0
-132,0
-134,0
-134,0
-134,0
-140,0
-77,0
-51,0
-51,0
-56,0
-86,0
-133,0
-61,0
-78,0
-139,0
-122,0
-105,0
-133,0
-133,0
-133,0
-138,0
-139,0
-128,0
-75,0
-101,0
-109,0
-132,0
-139,0
-139,0
-59,1
-133,0
-118,0
-80,0
-136,0
-90,0
-124,0
-110,0
-131,0
-131,0
-120,0
-122,0
-122,0
-122,0
-115,0
-119,0
-120,0
-120,0
-131,1
-75,0
-119,0
-122,0
-123,0
-123,0
-124,0
-63,0
