89,0
85,0
79,0
89,0
87,0
87,0
87,0
86,0
88,0
29,0
2,0
47,0
89,0
85,0
84,0
84,0
82,0
82,0
80,0
77,0
8,0
23,0
18,0
78,0
45,0
23,0
4,0
0,0
0,0
39,0
39,0
85,0
84,0
55,0
29,0
29,0
27,0
17,0
12,0
10,0
2,0
0,0
27,0
89,0
89,0
89,0
89,0
89,0
89,1
88,0
88,0
88,0
88,0
87,0
87,0
87,0
87,0
87,0
87,0
87,0
87,0
87,0
87,0
85,0
85,0
85,0
85,0
85,0
85,0
84,0
84,0
84,0
84,0
84,0
84,0
84,0
70,0
49,0
48,0
48,0
48,0
48,0
48,0
47,0
24,0
15,0
15,0
78,0
77,0
77,0
44,0
31,0
27,0
25,0
19,0
19,0
10,0
10,0
37,0
28,0
18,0
82,0
81,0
41,0
6,0
2,0
89,0
89,0
87,0
73,0
53,0
83,0
65,0
23,0
15,0
2,0
1,0
60,0
60,0
60,0
46,0
40,0
19,1
1,0
89,0
71,0
63,0
52,0
50,0
49,0
48,0
43,0
41,0
38,0
36,0
35,0
29,0
26,0
25,0
25,0
19,0
13,0
11,0
7,0
6,0
5,0
4,0
3,0
2,0
1,0
0,0
0,0
71,0
61,0
59,0
58,0
40,0
40,0
9,0
34,0
65,0
65,0
35,0
13,0
81,0
73,0
39,0
39,0
32,0
32,0
32,0
11,0
80,0
16,0
81,0
81,0
79,0
74,0
70,0
61,0
56,0
56,0
56,0
56,0
51,0
49,0
31,0
29,0
27,0
24,0
24,0
23,0
12,0
11,0
10,0
10,0
10,0
5,0
4,1
4,0
4,0
4,0
3,0
2,0
1,0
1,0
77,0
63,0
78,0
78,1
78,0
75,0
9,0
9,0
9,0
74,0
32,0
24,0
23,0
60,0
23,0
9,0
71,0
67,0
10,0
81,1
81,0
60,1
33,0
32,0
26,0
23,0
22,0
22,0
8,0
8,0
8,0
5,0
4,0
4,0
4,0
2,0
2,0
62,0
88,0
87,0
81,1
81,0
74,0
67,0
67,0
46,0
39,0
13,0
24,0
1,0
23,0
88,0
88,0
88,0
87,0
87,0
88,0
88,0
76,0
31,0
0,0
56,0
9,0
89,0
86,0
86,0
86,0
85,0
85,0
85,0
39,0
9,0
9,0
81,0
65,0
54,0
31,0
70,0
67,0
45,0
37,0
31,0
23,0
53,0
21,1
13,0
12,0
5,0
61,0
50,1
24,0
0,0
86,0
39,0
33,0
86,0
86,0
