59,1
36,0
30,0
35,0
34,0
7,0
61,0
38,0
76,0
41,0
51,0
11,0
81,0
81,0
35,0
29,0
7,0
88,0
76,0
36,0
71,0
21,0
3,1
61,0
7,0
86,0
6,0
5,1
53,0
89,0
87,0
86,0
85,0
84,0
79,0
72,0
70,0
67,1
56,0
46,0
42,0
33,0
26,0
26,0
15,0
83,0
75,0
49,1
40,0
38,0
68,0
67,0
57,0
52,0
50,0
50,0
46,0
46,0
38,0
37,0
36,0
32,0
31,0
25,0
25,0
16,0
16,0
15,0
15,0
13,0
13,0
12,0
12,0
6,0
5,0
1,0
51,1
12,0
12,1
6,0
6,1
6,1
87,0
42,0
42,0
69,0
54,0
54,0
32,0
25,0
24,0
19,0
8,0
11,0
58,0
55,0
54,0
54,1
54,0
40,0
37,0
12,0
77,0
77,0
71,0
34,0
39,0
12,0
24,0
24,0
27,0
15,0
73,0
41,0
27,0
27,0
40,0
27,0
81,0
78,0
63,0
61,0
56,0
42,0
42,0
28,0
27,0
20,0
19,0
35,0
63,0
35,0
20,0
78,0
73,0
69,0
64,0
58,0
43,0
41,0
26,0
61,0
78,0
42,0
27,0
17,0
55,0
55,0
54,0
42,0
65,0
83,0
83,0
83,0
82,0
81,0
80,0
38,0
66,0
52,0
26,0
17,0
