45,0
88,0
79,0
19,0
83,0
83,0
82,0
82,0
82,0
77,0
69,0
67,0
66,0
66,0
73,0
62,0
62,0
62,0
55,0
48,0
19,0
33,0
18,0
66,0
35,0
24,0
19,0
57,0
72,0
74,0
49,0
29,0
5,0
64,0
53,0
48,0
45,0
33,0
32,0
30,0
28,0
28,0
25,0
14,0
89,0
69,0
69,0
2,0
34,1
28,0
39,0
86,0
22,0
71,0
58,0
55,0
47,0
36,0
33,0
27,0
26,0
19,0
19,0
8,0
80,0
32,0
9,0
73,0
70,0
50,0
49,0
14,0
14,0
0,0
33,0
17,0
73,0
68,0
61,0
45,0
24,0
16,0
15,0
89,0
55,0
39,0
25,0
19,0
18,0
33,0
17,0
88,0
72,0
72,0
50,0
40,0
39,0
11,0
77,0
81,0
47,0
39,0
23,0
85,0
62,0
77,0
76,0
55,0
31,0
31,0
24,0
19,0
19,0
86,0
62,0
27,0
17,0
67,0
6,1
46,0
71,0
16,0
62,0
54,0
48,0
22,0
79,0
1,0
48,0
4,0
15,0
81,0
81,0
66,0
17,0
6,0
39,0
63,0
17,0
38,0
14,0
73,0
73,0
72,0
67,0
53,0
24,0
27,0
86,0
86,0
76,0
42,0
39,0
39,0
20,0
27,0
67,0
60,0
54,0
42,0
6,0
6,0
50,0
3,0
70,0
1,0
74,0
41,0
39,0
8,0
24,0
56,0
3,0
88,0
33,0
79,0
8,0
67,0
27,0
27,0
0,0
85,0
79,0
68,0
18,0
8,0
2,0
2,0
62,0
38,0
86,0
86,0
85,0
37,0
23,0
35,1
9,0
4,0
3,0
3,0
