66,0
63,0
62,0
43,0
1,0
87,0
16,0
63,0
63,0
75,0
43,0
54,0
74,1
59,0
57,1
57,0
53,0
48,1
38,0
31,0
31,1
21,1
66,0
52,0
47,0
63,0
25,0
6,0
38,0
10,0
0,0
74,0
44,0
23,0
60,0
87,0
85,0
84,0
75,0
73,0
73,0
48,0
30,0
60,0
52,0
44,1
44,1
31,1
30,0
38,0
59,0
42,0
18,0
18,0
80,0
31,0
6,0
38,0
25,0
71,0
71,0
52,0
49,0
38,0
19,0
12,0
88,0
86,0
77,0
70,0
70,0
67,0
67,0
65,0
65,0
53,0
0,0
34,0
82,0
64,0
20,0
8,0
4,0
55,0
1,0
3,0
34,0
31,0
20,0
82,0
61,0
81,0
32,0
86,0
53,0
48,0
46,0
37,0
25,0
21,0
71,0
52,0
37,0
34,0
11,0
0,0
8,0
31,0
68,0
48,0
46,0
57,0
35,0
69,0
57,0
37,0
33,0
68,0
50,0
49,0
46,0
34,0
45,0
11,0
11,0
56,0
56,1
1,0
86,0
84,0
84,0
83,0
83,0
80,0
80,0
76,0
74,0
74,0
64,0
37,0
67,0
4,0
81,0
81,0
68,0
65,0
65,0
48,0
44,0
43,0
27,0
5,0
61,0
55,0
87,0
9,0
82,0
41,0
42,0
63,0
6,0
6,1
80,0
13,0
66,0
57,0
17,0
38,0
3,0
47,0
17,1
54,0
60,0
28,0
43,0
88,0
78,0
65,0
37,0
4,0
29,0
87,0
38,0
35,0
36,0
36,0
32,0
80,0
62,0
59,0
33,0
9,0
86,0
1,0
73,0
23,0
88,1
9,1
65,0
36,0
86,0
72,0
40,0
40,1
67,0
38,0
61,1
27,0
22,0
17,0
