58,0
86,0
16,0
0,0
78,0
48,0
18,0
17,0
17,1
9,0
80,0
79,0
66,0
66,0
47,0
37,0
37,0
31,0
31,0
30,0
18,1
13,0
3,0
52,0
21,0
15,0
68,0
3,0
10,0
88,0
42,0
32,0
52,1
87,0
61,1
55,0
47,0
85,0
51,0
32,0
26,0
79,0
58,0
17,0
77,0
63,0
59,0
44,0
34,0
6,0
5,0
56,0
25,0
10,0
3,0
2,0
82,0
71,0
55,0
36,0
26,0
13,0
53,0
40,0
40,0
32,0
26,0
16,0
7,0
5,0
87,0
85,0
33,0
13,0
69,0
57,0
52,0
38,0
40,0
49,1
59,0
43,0
22,0
9,0
2,1
61,0
51,0
85,0
61,0
56,0
54,0
54,0
53,0
50,0
50,0
46,0
21,0
12,0
5,0
5,0
16,0
66,0
66,0
59,0
53,0
53,0
16,0
