80,0
43,0
30,0
29,0
40,0
4,1
86,0
89,0
89,0
89,0
88,0
88,0
88,0
87,0
85,0
85,0
85,0
84,0
84,0
84,0
83,0
83,0
83,0
82,0
82,0
82,0
81,0
81,0
81,0
80,0
79,0
78,0
78,0
78,0
77,0
77,0
77,0
76,0
76,0
76,0
76,0
75,0
75,0
74,0
74,0
74,0
73,0
71,0
71,0
71,0
68,0
68,0
67,0
62,0
61,0
59,0
59,0
59,0
58,0
58,0
55,0
54,0
52,0
50,0
49,0
48,0
47,0
46,0
46,0
45,0
43,0
42,0
40,0
39,0
38,0
37,0
34,0
31,0
30,0
29,0
27,0
22,0
21,0
20,0
19,0
19,0
18,0
18,0
16,0
15,0
14,0
13,0
13,0
11,0
10,0
10,0
9,0
9,0
8,0
5,0
4,0
2,0
1,0
0,0
0,0
10,0
22,0
85,0
41,1
35,0
33,0
32,0
30,1
12,1
73,0
71,0
69,0
66,0
66,0
24,0
24,0
17,0
15,1
15,0
13,0
11,0
10,0
85,0
54,0
32,0
29,0
42,0
80,0
57,0
89,0
82,0
53,0
71,0
71,0
76,0
76,0
29,0
22,0
74,0
73,0
73,0
65,0
65,0
65,0
65,0
65,0
63,0
62,0
62,0
59,0
58,0
57,0
57,0
55,0
47,0
47,0
47,0
47,0
47,0
47,0
47,0
47,0
44,0
36,0
20,0
16,0
15,0
10,0
9,0
9,0
9,0
9,0
2,0
2,0
2,0
34,0
83,0
14,0
56,0
36,0
11,0
87,0
77,0
62,0
62,0
44,0
43,0
28,0
28,0
28,0
27,0
87,0
6,0
3,0
42,0
38,0
37,0
37,0
32,1
3,0
3,0
60,0
50,0
