18,0
6,0
57,0
87,1
86,1
11,0
11,0
15,0
44,0
67,0
34,0
25,0
41,0
72,0
35,0
76,0
6,0
61,0
19,0
6,1
64,0
75,0
19,0
44,0
0,0
34,0
27,0
4,0
77,0
45,0
67,0
25,0
66,0
42,0
32,0
23,0
3,0
80,0
62,0
59,0
46,0
39,0
77,0
77,0
15,0
49,0
86,0
76,0
44,0
41,0
36,0
27,0
77,0
69,0
14,0
5,0
5,0
3,0
49,0
21,0
3,0
27,1
46,0
34,0
81,0
85,0
86,0
83,0
80,0
79,0
76,0
76,0
75,0
75,0
75,0
66,0
64,0
61,0
21,0
21,0
19,0
11,0
10,0
9,0
6,0
51,0
55,0
62,0
51,0
65,0
44,0
81,0
72,0
28,0
28,0
23,0
72,0
55,0
49,0
16,0
52,0
42,0
27,0
27,0
27,0
77,0
53,0
28,0
5,0
2,0
2,0
50,0
18,1
13,1
13,1
5,1
3,1
1,1
79,0
51,0
44,0
44,0
37,0
35,0
27,0
25,0
23,0
17,0
17,0
4,0
10,0
79,0
72,0
42,0
28,0
15,0
71,0
8,0
23,0
77,0
62,0
28,0
72,0
61,0
29,0
87,0
76,0
3,0
30,0
12,0
89,0
88,0
87,0
86,0
85,0
81,0
80,0
80,0
80,0
80,0
80,0
78,0
78,0
77,0
77,0
76,0
51,0
51,0
51,0
50,0
27,0
26,0
22,1
21,0
17,0
14,1
14,1
14,0
8,0
64,0
65,1
51,1
49,0
35,1
41,0
33,0
13,0
20,0
45,0
36,0
1,0
72,0
31,1
31,1
75,0
70,0
60,1
55,1
48,0
38,0
25,0
25,0
35,0
86,0
78,0
55,0
40,0
67,1
60,0
47,0
47,0
43,0
4,0
38,0
24,0
6,0
87,0
69,0
39,0
37,0
6,0
80,1
68,0
36,0
16,0
59,0
59,0
54,0
51,1
41,0
41,0
34,0
23,1
6,0
5,0
34,0
73,0
61,0
20,0
20,0
16,0
77,0
72,0
63,0
63,0
60,0
53,0
47,0
42,0
18,0
9,0
4,0
0,0
54,0
72,0
28,0
75,0
66,0
66,0
66,0
65,0
52,0
34,0
22,0
22,0
89,0
79,0
69,0
69,0
77,0
49,0
88,0
9,0
3,0
12,0
77,1
50,0
36,0
88,0
20,0
71,0
71,0
44,0
28,0
61,0
60,0
56,0
48,1
46,0
45,0
40,0
