87,0
89,0
89,0
65,1
86,0
86,0
71,0
61,0
11,0
89,0
79,0
78,0
51,0
44,0
44,0
38,0
37,0
37,0
35,0
30,0
30,0
28,0
17,0
15,0
14,0
43,0
69,0
23,0
23,0
23,0
23,0
35,0
70,0
3,0
84,0
6,0
68,0
62,0
44,0
81,0
60,0
53,0
42,0
42,0
40,0
36,0
28,0
27,0
81,0
81,0
35,0
31,0
18,0
18,0
16,0
8,0
24,0
36,0
36,0
24,0
18,0
2,0
36,0
58,0
57,0
56,0
55,0
53,0
47,0
33,0
23,0
0,0
0,0
74,0
74,0
84,0
34,0
31,0
70,0
59,0
50,0
44,0
37,1
55,0
83,0
81,0
59,0
59,0
51,0
46,0
46,0
43,0
1,0
57,0
47,0
34,0
24,0
24,0
80,0
79,0
72,0
60,1
60,1
58,0
45,0
45,0
45,0
42,0
29,0
19,0
19,0
16,0
5,0
1,0
1,0
87,0
87,0
69,0
69,0
42,0
19,0
73,0
52,0
61,0
1,0
59,0
59,0
59,0
40,0
74,0
60,0
49,0
49,0
49,0
49,0
26,0
23,0
23,0
8,0
86,0
86,0
86,0
80,0
71,0
61,0
59,0
16,0
80,0
9,0
9,0
46,0
22,0
63,0
57,0
24,1
72,0
21,0
16,0
2,0
