32,0
53,0
19,0
19,0
45,0
30,0
74,0
40,0
25,0
26,0
9,0
87,0
58,1
52,0
36,0
31,0
54,0
62,0
37,0
45,0
24,1
24,0
24,1
24,0
77,0
42,0
9,0
9,0
34,0
87,1
87,0
12,0
11,0
6,0
58,0
46,0
46,0
26,0
4,0
68,0
87,0
31,0
20,0
5,1
75,0
75,0
53,0
21,0
65,0
47,1
30,0
29,0
19,0
16,0
3,0
62,0
54,0
64,0
57,0
51,0
50,1
47,0
47,0
4,0
61,1
47,0
6,0
32,0
12,0
11,0
11,0
10,0
9,0
9,0
5,0
61,0
61,0
30,0
53,0
45,0
83,0
54,0
54,0
18,0
17,0
11,0
9,0
8,0
8,0
15,0
11,0
82,0
75,0
75,0
21,0
19,0
18,0
5,0
69,0
14,0
18,0
53,0
39,0
39,0
23,0
85,0
67,0
66,0
56,0
18,0
60,0
30,1
57,0
57,0
80,0
67,0
65,0
59,0
25,0
25,0
23,0
18,0
11,0
47,0
79,0
78,0
78,0
67,0
66,0
65,0
53,0
29,0
66,0
25,0
83,0
36,0
16,0
15,0
15,0
15,0
68,0
29,0
29,0
17,0
13,0
62,0
87,0
18,0
4,0
65,0
57,0
50,1
49,1
17,1
10,1
70,0
54,0
30,1
37,0
7,0
72,0
70,0
66,0
62,0
28,0
60,0
22,0
10,0
9,0
3,0
0,0
67,0
55,0
88,0
57,0
84,0
43,0
82,0
83,0
68,0
56,0
40,0
12,0
16,0
88,0
45,0
44,0
40,0
54,0
48,0
31,0
63,0
8,0
8,0
57,0
7,0
59,0
64,1
20,1
81,0
56,0
33,0
60,0
67,0
50,0
18,0
78,0
64,0
61,0
42,0
33,0
12,0
7,0
4,0
75,0
18,0
11,0
70,0
70,0
33,0
28,0
12,0
88,0
88,0
43,0
57,0
24,0
18,1
63,0
42,0
49,0
47,0
19,0
18,1
86,0
64,0
47,0
35,0
35,0
35,0
34,0
33,0
18,0
6,0
5,0
40,0
16,0
16,0
2,0
11,1
43,0
43,0
66,0
37,0
32,0
18,1
6,0
15,0
88,0
85,0
1,1
1,0
71,0
65,0
30,0
78,0
67,0
47,0
45,0
45,0
84,0
40,0
47,0
42,0
29,0
28,0
69,1
61,0
38,0
2,0
44,0
89,0
88,0
81,0
47,1
46,0
82,0
69,0
13,0
13,0
7,0
1,0
2,0
53,0
86,0
70,0
65,0
58,0
52,0
50,0
47,0
46,0
36,0
29,0
24,0
56,0
17,0
74,0
70,0
37,0
7,0
31,0
89,0
50,0
28,0
26,1
88,0
57,0
