36,0
36,0
15,0
11,0
10,0
20,0
47,0
16,0
12,0
81,0
36,0
36,0
57,0
47,0
40,0
36,0
58,0
57,0
0,0
57,0
57,0
75,0
86,0
84,0
84,0
83,0
83,0
83,0
82,0
82,0
80,0
78,0
67,0
65,0
55,0
45,0
44,0
43,0
42,0
41,0
36,1
27,0
20,0
20,0
60,0
42,0
40,0
39,0
39,0
33,0
12,0
11,0
9,0
7,0
62,0
78,0
68,0
52,0
51,0
51,0
43,0
43,0
29,1
25,0
25,0
24,0
21,0
15,0
15,0
14,0
11,0
11,0
11,0
11,0
10,0
9,0
8,0
7,0
0,0
87,1
60,0
11,1
9,0
18,0
54,0
12,0
12,0
12,0
12,0
11,0
53,0
42,0
24,0
18,0
18,1
15,0
5,0
40,0
84,0
3,1
55,0
38,0
84,0
84,0
80,0
78,0
75,0
50,0
47,0
4,0
4,0
90,0
68,0
59,0
57,0
54,0
7,0
5,0
3,0
3,0
0,0
60,0
38,0
11,0
21,0
14,1
14,0
11,0
61,0
40,0
30,0
85,0
14,0
25,0
21,0
19,0
19,0
11,1
9,0
8,0
5,0
5,0
4,0
2,0
2,0
0,0
11,0
80,0
75,0
86,0
56,1
59,1
74,0
48,0
2,0
2,0
2,0
51,0
32,0
32,0
6,0
84,0
82,0
33,0
18,0
2,0
88,0
88,0
88,0
88,0
88,0
87,0
87,0
83,0
81,0
74,0
74,0
67,0
67,0
66,0
66,0
66,0
66,0
65,0
60,0
60,0
51,0
48,0
47,0
37,0
37,0
10,0
9,0
9,0
9,0
9,0
9,0
70,0
65,0
40,0
42,0
75,1
75,0
65,0
82,1
12,0
2,1
88,0
87,0
83,0
68,0
67,0
64,0
61,0
61,0
60,0
39,0
28,0
21,0
18,0
48,0
