22,0
7,0
7,0
34,0
90,0
90,0
90,0
90,0
89,0
80,0
80,0
80,0
80,0
79,0
68,0
68,0
68,0
68,0
67,0
66,0
57,0
57,0
54,0
54,0
54,0
53,0
46,0
46,0
46,0
46,0
46,0
46,0
46,0
45,0
45,0
44,0
44,0
44,0
40,0
40,0
39,0
39,0
38,0
38,0
36,0
33,0
33,0
32,1
32,1
30,0
30,0
28,0
27,0
19,0
19,0
16,0
14,0
13,0
12,0
12,0
7,0
7,0
7,0
4,0
50,0
31,0
67,0
45,0
61,0
54,0
45,0
4,0
4,0
4,0
4,0
87,0
86,0
80,0
63,0
61,0
60,0
55,0
55,0
17,0
7,0
80,0
74,0
72,0
72,0
70,0
70,0
67,0
64,0
64,0
64,0
64,0
61,0
55,0
55,0
37,0
31,0
31,0
30,0
30,0
28,0
18,0
13,0
85,0
69,0
83,0
77,0
56,0
85,0
78,0
65,0
65,1
54,0
39,0
39,0
37,0
34,0
32,0
84,1
78,1
69,1
82,0
82,0
81,0
79,0
76,0
66,1
61,0
58,0
54,0
54,0
51,0
48,0
45,0
41,0
72,1
25,1
18,0
13,1
13,1
13,1
11,1
11,1
11,1
10,1
10,1
10,1
10,1
75,0
57,1
29,0
82,0
60,0
59,0
77,1
26,0
26,0
23,0
82,1
75,0
75,0
23,0
84,0
61,0
55,0
54,0
54,0
52,0
52,0
40,0
25,0
12,0
5,0
42,0
37,0
86,0
86,0
54,0
29,0
14,0
4,0
4,0
4,0
49,0
87,0
87,0
86,0
84,0
67,0
47,0
42,0
40,0
40,0
29,0
26,0
26,0
26,0
24,0
12,0
62,0
34,0
34,1
78,0
77,1
69,0
16,1
83,0
53,0
35,0
62,1
79,0
66,0
60,0
60,0
55,0
51,0
75,0
75,0
71,0
32,0
78,0
74,0
74,0
57,0
57,0
34,0
24,0
14,0
13,0
10,0
87,0
86,0
86,0
85,0
69,0
56,0
49,0
38,0
26,0
88,0
85,0
84,0
56,0
56,1
28,1
90,1
71,1
71,1
71,1
69,1
65,1
63,1
59,1
58,1
58,1
57,1
55,1
55,1
55,1
54,1
54,1
54,1
53,1
45,1
40,1
40,1
39,1
39,1
39,1
38,1
37,1
37,1
37,1
37,1
36,1
36,1
36,1
36,1
36,1
31,1
31,1
31,1
12,1
12,1
12,1
12,1
11,1
3,1
0,1
87,1
23,1
90,0
88,0
88,0
86,0
79,0
78,0
76,0
75,0
72,0
72,0
71,0
70,0
66,0
66,1
66,0
66,1
65,0
61,0
60,0
52,1
50,0
49,0
49,1
46,1
46,0
44,0
42,0
42,0
39,1
38,0
34,1
34,1
34,0
26,1
26,0
24,0
18,0
16,0
13,0
12,1
12,1
11,0
10,1
8,1
8,0
7,0
5,0
3,1
2,0
0,0
0,0
0,0
2,0
90,1
88,1
87,1
86,1
86,1
86,1
85,1
83,1
81,1
80,1
80,1
79,1
78,0
75,1
34,1
33,1
30,1
90,0
36,1
23,0
28,1
18,1
18,1
15,1
81,0
80,0
72,0
46,0
37,0
37,0
70,1
89,0
77,1
77,1
77,1
77,1
55,1
41,1
41,1
41,1
51,1
51,1
31,1
17,1
17,1
70,1
57,1
51,1
46,0
41,1
36,1
25,0
59,0
37,0
13,0
27,0
88,1
83,1
80,1
80,1
80,1
79,1
79,1
55,1
52,1
52,1
50,1
49,1
49,1
49,1
48,1
46,1
39,1
31,1
31,1
28,1
26,1
24,1
24,1
17,1
16,1
16,1
16,1
13,1
10,1
7,1
4,1
4,1
24,1
83,1
82,1
81,1
80,1
79,1
78,1
76,1
76,1
74,1
74,1
74,1
73,1
72,1
69,1
69,1
62,1
62,0
61,1
61,1
60,1
59,1
58,1
58,1
55,1
55,1
55,1
55,1
55,1
54,1
54,1
54,0
54,1
54,0
53,1
53,1
53,1
53,1
52,1
52,1
52,1
52,1
51,1
51,1
48,0
48,1
48,1
48,1
48,1
48,1
48,1
48,1
48,1
47,1
47,1
47,0
47,0
47,1
46,1
46,1
46,1
46,1
46,0
46,1
45,0
45,1
45,1
45,1
45,1
45,1
45,1
45,1
45,1
44,1
43,0
43,1
42,1
42,1
41,1
40,1
40,1
40,1
40,1
40,1
40,1
40,1
39,1
39,1
39,1
39,1
39,1
39,1
39,0
37,0
34,1
33,1
33,1
33,1
33,1
33,0
33,1
33,1
32,1
32,0
32,1
32,0
31,1
31,1
31,1
31,0
31,0
31,1
31,1
31,1
31,1
31,1
31,1
31,0
31,1
31,1
31,1
31,1
30,1
30,1
27,1
26,1
26,1
26,1
26,1
26,1
26,1
25,1
25,1
24,1
24,1
24,1
24,1
24,1
24,1
24,1
24,1
24,1
24,1
24,1
24,1
24,1
24,1
24,1
24,1
24,0
24,0
24,1
24,0
23,1
23,1
23,1
23,1
23,1
23,0
22,1
22,1
21,1
20,1
20,1
20,1
19,1
19,1
19,0
19,0
19,1
19,0
19,1
18,1
18,1
18,0
18,1
17,1
17,0
17,1
17,1
17,1
17,0
17,1
17,0
17,0
16,1
16,1
16,1
16,1
16,1
16,1
16,1
16,1
16,1
14,1
13,1
13,1
13,1
13,0
13,1
13,1
13,1
12,1
12,1
12,1
12,1
12,0
12,1
12,1
11,1
11,0
11,1
11,1
11,1
11,0
11,0
10,0
10,1
10,0
10,1
9,1
9,1
9,1
9,1
9,1
9,1
7,0
6,1
6,1
5,1
5,1
5,1
5,1
5,0
4,1
4,0
4,1
4,1
4,0
4,0
4,1
3,1
3,1
3,1
3,1
87,0
60,0
27,0
19,0
2,0
88,1
27,1
78,0
74,0
74,0
74,0
62,0
90,1
90,1
90,1
90,0
90,1
90,1
89,1
89,1
89,0
89,1
89,1
89,1
89,0
89,1
88,1
88,1
88,1
88,1
88,1
88,1
87,1
38,1
38,1
37,1
37,1
37,0
37,0
36,1
24,1
3,1
3,1
2,1
2,1
2,1
1,1
1,0
0,1
0,1
0,1
86,1
80,0
76,1
75,1
56,1
53,1
51,1
48,1
33,0
4,0
87,1
87,1
87,1
85,1
84,1
83,1
82,1
81,1
80,1
80,1
79,1
79,1
78,1
78,1
77,1
77,1
76,1
76,1
75,1
75,1
75,1
75,1
74,1
74,1
73,1
73,1
72,1
72,1
71,1
71,1
70,1
70,1
69,1
69,1
68,1
67,1
66,1
66,1
65,1
65,1
64,1
64,1
63,1
63,1
62,1
62,1
61,1
61,1
60,1
60,1
59,1
59,1
59,1
58,1
57,1
57,1
56,1
56,1
55,1
55,1
54,1
54,1
53,1
53,1
52,1
52,1
51,1
50,1
50,1
49,1
49,1
48,1
48,1
47,1
47,1
46,1
46,1
45,1
45,1
45,1
44,1
44,1
43,1
43,1
42,1
41,1
41,1
40,1
40,1
39,1
39,1
38,1
36,1
36,1
35,1
35,1
34,1
34,1
33,1
33,1
32,1
32,1
31,1
31,1
30,1
29,1
29,1
28,1
28,1
27,1
27,1
26,1
26,1
25,1
25,1
24,1
24,1
23,1
23,1
22,1
22,1
21,1
21,1
20,1
20,1
19,1
19,1
19,1
19,1
18,1
18,1
17,1
16,1
16,0
14,1
13,1
13,1
12,1
12,1
11,1
11,1
10,1
10,1
9,1
9,1
6,1
6,1
5,1
5,1
4,1
4,1
90,1
89,1
89,1
86,1
85,1
84,1
83,1
81,0
80,1
79,1
78,1
77,1
76,1
75,1
74,1
73,1
72,1
71,1
70,1
69,1
68,1
67,1
66,1
66,1
65,1
65,1
65,1
63,1
62,1
61,1
60,1
60,1
59,1
58,1
57,1
57,1
56,1
53,1
52,1
51,1
50,1
48,1
47,1
46,1
45,1
45,1
44,1
43,1
43,1
42,1
42,1
42,1
41,1
40,1
39,1
38,1
37,1
36,1
34,1
33,1
31,1
30,1
29,1
28,1
27,1
25,1
24,1
24,1
22,1
21,1
20,1
20,1
19,1
18,1
17,1
16,1
15,1
14,1
13,1
12,1
11,1
10,1
8,1
7,0
6,1
5,1
4,1
2,0
1,1
0,1
82,1
82,0
88,1
88,1
88,1
88,1
88,0
88,1
88,1
87,1
87,1
87,1
87,1
87,1
87,1
87,1
87,1
80,1
80,1
72,1
60,1
60,1
60,1
60,1
60,1
60,1
60,1
60,1
60,1
60,1
60,1
60,1
60,1
60,0
60,1
60,1
52,1
52,1
52,1
52,1
52,1
44,1
39,1
38,1
38,1
38,1
38,1
38,0
36,1
31,1
27,1
27,1
27,1
27,1
27,1
24,1
24,1
24,1
12,1
73,1
72,1
66,1
65,1
65,1
63,1
63,1
63,1
62,1
53,1
40,1
40,1
40,1
35,1
35,1
35,1
35,1
35,1
33,1
31,1
22,1
19,1
13,1
5,1
90,0
89,0
89,0
86,0
86,0
83,0
82,0
82,0
82,0
82,0
82,0
82,0
81,0
81,0
81,0
40,0
75,0
75,0
56,0
88,1
88,1
84,1
84,1
83,1
83,1
83,1
83,1
80,1
80,1
79,1
75,1
74,1
70,1
68,1
68,1
67,1
67,1
67,1
66,1
64,1
55,1
54,1
53,1
53,1
52,1
52,1
49,1
49,1
47,1
47,1
46,1
46,1
43,1
43,1
42,1
42,1
41,1
41,1
37,1
37,1
36,1
35,1
31,1
27,1
27,1
20,1
17,1
17,1
16,1
14,1
13,1
11,1
10,1
7,1
6,1
0,1
72,1
9,1
6,0
89,0
54,1
89,0
89,1
87,1
86,1
85,1
84,1
83,1
82,1
81,1
80,1
61,1
61,1
53,1
37,1
37,1
35,1
34,1
31,1
26,1
20,1
20,1
19,1
12,1
10,1
10,1
7,1
7,1
5,1
4,1
3,1
0,1
58,0
16,0
14,0
57,0
49,0
44,0
28,0
25,0
58,0
86,1
86,1
76,1
72,1
70,1
68,1
68,1
68,1
67,1
64,1
56,1
51,1
48,1
48,1
47,1
40,1
35,1
35,1
34,1
33,1
33,0
29,1
29,1
29,1
27,1
25,1
25,1
24,1
23,1
20,0
14,1
9,1
8,1
8,1
6,1
0,1
0,1
33,0
33,0
48,0
15,1
13,1
79,1
21,1
90,1
82,1
82,1
82,1
80,1
80,1
80,1
80,1
77,1
77,1
60,0
60,1
54,1
48,1
48,1
46,1
46,1
43,1
43,1
37,1
34,1
34,1
32,1
27,1
27,1
22,1
22,1
13,1
13,1
10,1
10,1
8,1
8,1
0,1
87,1
76,1
75,1
74,1
72,1
71,1
70,1
69,1
68,1
68,1
67,1
66,1
64,1
62,1
60,1
59,1
58,1
57,1
56,1
55,1
54,1
53,1
52,1
51,1
50,1
49,1
48,1
46,1
45,1
44,1
42,1
41,1
40,1
38,1
36,1
33,1
32,1
31,1
31,1
31,1
30,1
29,1
28,1
27,1
26,1
25,1
24,1
23,1
22,1
21,1
20,1
19,1
17,1
16,1
15,1
13,1
12,1
8,1
7,1
6,1
5,1
32,0
82,0
67,0
67,0
54,1
48,1
44,1
25,1
20,1
10,1
90,1
89,1
88,1
87,1
86,1
86,1
84,1
83,1
82,1
82,1
81,1
80,1
79,1
78,1
77,1
76,1
76,1
75,1
74,1
73,1
71,1
70,1
70,1
69,1
68,1
67,1
66,1
63,1
62,1
61,1
60,1
59,1
57,1
56,1
55,1
54,1
53,1
52,1
52,1
52,1
52,1
51,1
49,1
49,1
48,1
47,1
46,1
45,1
44,1
43,1
42,1
42,1
41,1
40,1
39,1
38,1
37,1
35,1
35,1
34,1
34,1
33,1
33,1
32,1
31,1
29,1
28,1
28,1
27,1
26,1
26,1
25,1
24,1
23,1
23,1
22,1
21,1
20,1
19,1
18,1
17,1
14,1
14,1
13,1
12,1
11,1
10,1
10,1
9,1
8,1
7,1
6,1
5,1
5,1
4,1
3,1
2,1
1,1
0,1
87,1
65,1
65,1
53,1
53,1
51,1
10,1
10,1
1,0
80,1
52,1
46,1
31,1
23,1
58,1
22,0
11,1
84,0
83,0
22,1
18,1
7,1
5,1
3,1
88,1
82,0
82,1
82,0
75,1
70,1
43,1
41,1
34,1
19,1
7,1
90,1
77,1
77,1
76,1
71,1
62,1
61,1
59,1
52,1
52,1
52,1
49,1
49,1
47,1
45,1
45,1
43,1
42,1
41,1
41,1
41,1
41,1
41,1
41,1
33,1
33,1
30,1
27,1
27,1
27,1
27,1
27,1
26,1
26,1
26,0
25,1
24,1
19,1
19,1
19,1
13,1
5,1
88,1
88,1
88,1
88,0
80,0
74,0
63,1
62,1
61,1
54,0
24,1
24,1
24,1
17,0
16,1
26,0
87,1
84,1
81,1
81,1
80,1
80,1
79,1
76,1
53,1
17,1
16,1
16,1
11,1
9,1
0,0
87,1
61,1
61,1
61,1
61,1
61,1
61,1
61,1
61,1
60,1
60,1
60,1
60,1
60,1
60,1
58,1
58,1
58,1
90,0
54,0
54,0
54,0
22,0
20,0
17,0
9,0
6,0
5,0
70,0
56,0
52,0
48,0
44,0
33,0
5,0
69,0
62,0
57,0
55,0
29,1
12,1
85,0
85,0
83,1
73,1
36,1
36,1
0,0
89,0
89,0
75,1
59,1
40,1
46,0
39,0
35,1
56,1
15,0
14,1
8,1
7,1
90,1
90,1
88,1
85,1
85,1
83,1
83,1
83,1
81,1
81,1
69,1
69,1
69,1
69,1
69,1
67,1
66,1
66,1
66,1
66,1
64,1
64,1
62,1
62,1
61,1
61,1
55,1
52,1
46,1
14,1
14,1
10,1
8,1
3,1
3,1
0,1
11,1
4,1
3,1
2,1
1,1
67,1
65,1
55,1
55,1
54,1
84,1
84,1
84,0
80,1
80,1
63,1
55,1
51,1
51,1
45,1
38,1
32,1
32,1
31,1
31,1
31,1
29,1
29,1
26,0
24,1
24,1
23,1
23,1
18,1
16,1
15,0
15,1
14,1
14,1
13,0
13,1
13,1
13,1
12,1
10,1
8,0
5,1
5,1
4,1
88,1
82,1
8,1
87,1
71,1
71,1
61,1
30,1
74,0
7,0
71,0
63,0
59,0
88,1
81,1
81,1
77,1
75,1
72,1
72,0
71,1
69,1
68,1
61,1
60,1
58,1
58,1
57,1
53,1
53,1
52,1
52,1
51,1
50,1
47,1
46,1
45,1
44,1
44,1
43,1
43,1
43,1
42,1
41,1
27,1
25,1
23,1
23,1
22,1
22,1
22,1
22,1
21,1
18,1
7,1
5,1
55,0
55,0
90,0
90,1
90,1
90,0
90,1
90,0
90,1
89,1
89,0
89,0
89,1
89,1
88,0
88,1
88,1
88,1
88,0
88,0
87,1
87,1
86,0
86,1
86,1
86,0
86,0
86,1
85,0
85,1
85,0
85,1
84,0
84,1
84,1
84,0
84,0
84,1
84,0
84,1
83,1
83,0
83,0
82,0
82,1
82,0
82,1
82,0
82,1
81,1
81,0
81,1
81,1
81,1
81,1
81,1
80,1
80,0
80,1
80,1
80,0
80,1
80,1
79,1
79,1
79,0
79,1
79,1
78,1
78,1
78,1
78,1
78,0
78,1
77,1
77,0
77,1
77,0
77,1
76,1
76,0
76,1
76,1
76,1
75,0
75,1
75,0
75,0
75,1
74,1
74,1
74,0
74,1
74,1
74,0
74,1
73,0
73,1
73,0
73,1
73,1
73,1
73,0
72,0
72,1
72,1
72,1
72,1
71,1
71,1
71,1
71,0
71,1
70,0
70,1
70,0
70,1
69,1
69,0
69,1
69,1
68,0
68,1
68,0
68,1
68,0
68,1
68,0
67,1
67,0
67,1
67,0
67,0
67,1
66,0
66,1
66,1
66,1
66,0
66,0
66,1
66,1
65,1
65,1
65,1
65,1
65,1
65,1
65,1
64,1
64,1
64,1
64,1
64,0
64,1
64,1
63,1
63,1
63,0
63,0
63,1
63,0
62,0
62,1
62,1
62,0
62,1
62,1
62,1
61,1
61,0
61,1
61,1
61,0
61,1
61,0
61,1
61,0
60,1
60,0
60,0
60,1
59,1
59,1
59,0
58,0
58,1
58,0
58,0
58,1
57,1
57,0
57,1
57,1
56,0
56,1
56,1
56,1
56,0
56,1
56,1
56,0
55,1
55,0
54,1
54,1
54,1
54,0
54,1
54,0
54,1
53,0
53,1
53,1
53,0
53,0
53,1
53,1
53,1
52,0
52,1
52,1
52,1
51,1
51,0
51,1
51,1
51,1
51,0
51,1
51,1
51,0
51,1
51,0
50,0
50,1
50,0
50,0
50,1
50,1
50,1
49,0
49,1
49,1
49,0
49,1
49,1
48,1
48,1
48,0
48,0
48,1
48,0
47,0
47,1
47,1
47,1
47,0
47,1
47,1
47,1
47,1
47,0
46,1
45,0
45,1
45,0
45,1
45,1
44,0
44,1
44,1
44,0
44,1
44,0
44,1
43,0
43,1
43,1
43,1
43,0
43,1
43,0
43,1
42,1
42,0
42,1
41,1
41,0
41,1
41,1
40,0
40,1
40,1
40,1
40,0
40,1
40,1
40,0
40,1
39,0
39,0
39,1
39,1
39,0
38,1
38,1
38,0
38,1
38,0
38,1
38,1
38,0
38,1
38,1
38,0
38,1
37,1
37,1
37,0
36,1
36,1
36,0
36,0
36,1
35,0
35,1
35,1
35,0
35,1
35,1
34,0
34,1
34,1
34,1
34,1
34,1
34,1
33,0
33,1
33,1
33,0
33,1
33,1
33,0
33,1
32,1
32,1
32,1
32,1
32,1
32,1
32,1
31,1
31,0
31,0
31,1
31,1
31,1
31,0
31,0
31,1
31,1
30,0
30,1
30,0
30,0
30,1
30,1
30,0
30,1
30,1
30,0
30,0
29,0
29,1
29,1
29,1
29,1
29,0
29,0
29,1
29,1
29,0
29,1
29,1
29,0
29,1
29,0
28,1
28,1
28,1
28,0
28,0
28,1
28,1
28,0
28,1
28,1
28,1
28,0
27,0
27,1
27,1
27,0
27,1
27,1
27,0
27,1
27,0
27,1
27,1
26,0
26,1
26,1
26,0
26,0
26,1
26,0
26,1
26,0
26,1
25,0
25,1
25,1
25,1
25,0
25,1
25,1
25,0
25,1
25,1
25,0
25,1
25,1
25,0
24,0
24,0
24,0
24,1
24,1
24,0
24,1
24,0
24,1
24,1
24,0
23,0
23,1
23,0
22,1
22,0
22,1
22,1
22,1
22,0
22,1
22,0
22,1
22,0
22,0
21,0
21,1
21,1
21,0
21,1
21,1
21,1
21,1
21,1
21,1
21,1
20,1
20,1
20,0
20,1
20,0
20,1
20,0
20,1
19,0
19,1
19,1
19,1
19,1
19,1
19,0
19,1
19,0
19,1
19,0
18,0
18,1
18,1
18,1
18,0
18,1
18,0
18,1
18,1
18,1
18,0
18,0
17,0
17,0
17,1
17,1
17,0
17,1
17,1
16,0
16,1
16,1
16,1
16,1
16,1
16,1
16,0
16,1
16,1
16,1
16,1
16,0
16,0
15,0
15,1
15,1
15,1
15,0
15,1
15,0
15,1
15,1
15,1
15,0
15,0
14,0
14,0
14,1
14,1
14,0
14,1
14,1
13,0
13,1
13,1
13,0
13,1
13,0
13,1
13,1
13,0
13,1
13,0
12,0
12,1
12,1
12,1
12,1
12,1
12,0
12,1
12,0
11,0
11,1
11,1
11,1
11,1
11,1
11,1
11,0
11,1
11,0
11,1
11,1
11,1
11,0
11,0
10,1
10,1
10,1
10,0
10,0
10,1
10,1
10,0
10,1
9,0
9,1
9,1
9,1
9,1
9,1
9,1
9,1
9,0
9,0
8,1
8,0
8,0
8,0
8,1
8,1
8,1
8,0
8,1
8,0
8,1
8,1
8,0
7,0
7,1
7,1
7,1
7,1
7,0
7,0
6,0
6,1
6,1
6,1
6,1
6,0
6,1
6,0
6,1
6,1
6,1
6,0
6,0
5,0
5,0
5,1
5,1
5,0
5,1
5,1
4,0
4,1
4,1
4,1
4,0
4,0
4,1
4,0
4,0
3,0
3,0
3,1
3,1
3,1
3,0
3,1
2,1
2,1
2,1
2,0
2,0
2,1
2,0
2,1
2,0
2,0
2,0
1,0
1,1
1,1
1,1
1,1
1,0
1,1
1,0
1,1
0,1
0,0
0,1
0,0
0,1
0,0
0,1
0,1
0,0
0,1
0,0
0,0
0,1
83,1
83,1
83,1
83,1
69,1
44,1
44,1
44,1
44,1
44,1
44,1
40,1
28,1
28,1
8,1
8,1
8,1
3,1
2,0
2,1
1,1
0,1
90,1
90,1
87,0
78,1
58,0
51,1
37,1
37,1
24,1
82,0
74,1
60,1
60,1
44,1
86,1
80,1
40,1
26,1
13,1
13,1
3,0
88,0
87,0
86,0
81,0
80,0
80,1
80,0
80,0
74,1
69,1
69,0
69,1
61,0
60,0
59,0
52,1
51,1
50,0
46,1
45,0
44,1
41,0
33,1
32,0
31,1
30,1
26,1
26,1
24,0
23,1
23,0
21,1
21,1
6,1
6,1
6,1
5,1
5,1
4,0
1,0
1,1
6,0
79,0
74,0
72,0
71,0
69,0
68,0
58,0
26,0
25,0
24,0
73,0
71,0
55,1
49,0
45,1
39,1
17,0
84,0
19,0
67,1
49,1
36,1
2,1
1,0
0,1
67,0
84,0
73,0
42,0
90,1
90,1
77,1
77,1
24,1
79,1
58,1
58,1
40,1
33,1
30,1
18,1
87,1
86,1
80,1
72,1
69,1
68,1
66,1
62,1
53,1
40,1
32,1
30,1
25,1
18,1
17,1
4,1
2,1
90,0
88,0
88,0
80,0
41,0
21,0
21,0
7,0
1,0
1,0
1,0
1,0
1,0
89,0
76,0
76,0
75,0
75,0
75,0
75,0
72,0
67,0
67,0
44,0
40,0
37,0
34,0
33,0
32,0
30,0
30,0
30,0
30,0
30,0
30,0
27,0
27,0
26,0
19,0
19,0
18,0
18,0
16,0
16,0
11,0
10,0
9,0
4,0
4,0
4,1
87,1
60,1
46,1
46,1
45,1
45,1
40,1
25,1
18,1
18,1
17,1
17,1
8,1
8,1
32,1
25,1
74,0
61,0
43,0
6,0
87,1
53,0
7,0
25,0
18,0
10,0
87,0
44,1
44,1
90,1
83,1
79,1
74,1
73,1
69,1
55,1
51,1
44,1
44,1
38,1
34,1
30,1
23,1
23,1
16,1
9,1
9,1
9,1
3,1
80,1
57,0
86,1
52,1
84,0
55,0
17,0
88,1
88,1
87,0
81,1
80,1
79,1
79,1
76,1
73,1
71,1
68,1
64,1
64,1
64,1
63,1
61,1
60,1
59,1
56,1
56,1
56,1
53,1
49,1
45,1
44,1
44,1
44,1
42,1
41,1
40,1
39,1
39,1
39,1
38,1
38,1
38,0
38,1
36,1
36,1
33,1
33,1
32,1
32,1
32,1
29,1
29,1
29,1
29,1
28,1
27,1
27,1
27,1
27,1
27,1
27,1
27,1
27,1
26,1
26,1
26,1
25,1
25,1
24,1
24,1
23,1
23,1
23,1
23,1
20,1
20,1
19,1
19,1
18,1
17,1
16,1
15,1
13,1
13,1
13,1
13,1
13,1
12,1
12,1
11,1
10,1
10,1
10,1
9,1
9,1
8,1
5,1
4,1
3,1
40,1
34,0
53,1
53,1
76,1
21,1
75,1
40,1
77,0
72,0
1,0
85,1
78,1
71,1
64,1
57,1
50,1
43,1
36,1
29,1
22,1
15,1
8,1
1,1
36,0
24,0
18,0
12,0
11,0
2,0
2,0
13,0
10,0
82,0
53,0
42,0
86,1
79,1
79,1
71,1
36,0
36,1
33,1
19,1
8,1
8,1
8,0
89,0
89,0
87,0
81,0
80,0
80,1
80,0
79,0
79,0
90,1
90,1
90,1
73,1
67,1
60,1
60,1
59,1
53,1
47,1
47,1
46,1
34,0
32,1
32,1
25,1
24,1
23,1
23,1
20,1
16,1
15,1
15,1
71,0
90,0
50,1
39,0
27,0
80,0
42,1
90,1
90,1
90,1
90,1
90,1
90,1
89,1
89,1
89,1
89,1
89,1
89,1
89,1
89,1
88,1
88,1
88,1
88,1
88,1
88,1
87,1
87,1
87,1
87,1
87,1
86,1
86,1
86,1
86,1
86,1
86,1
85,1
85,1
85,1
85,1
85,1
85,1
85,1
84,1
84,1
84,0
84,1
84,1
84,1
84,0
84,1
83,0
83,1
83,1
83,1
83,1
83,1
82,1
82,1
82,1
82,1
82,1
82,1
81,1
81,1
81,1
81,1
81,1
81,1
81,1
80,1
80,1
80,1
80,1
79,1
79,1
79,1
79,1
79,1
79,1
79,1
78,1
78,1
78,1
78,1
78,1
78,1
78,1
78,1
78,1
77,0
77,1
77,1
77,1
77,1
77,1
77,1
77,1
76,1
76,1
76,1
76,1
76,1
75,1
75,1
75,1
75,0
75,1
75,1
75,1
74,1
74,1
74,1
74,1
74,1
73,1
73,1
73,1
73,1
73,1
73,0
73,1
72,1
72,1
72,1
72,1
72,1
72,1
72,1
71,1
71,1
71,1
71,1
71,1
70,1
70,1
70,1
70,1
69,1
69,1
69,1
69,1
69,1
69,1
68,1
68,1
68,1
67,1
67,1
67,1
67,1
66,1
66,1
66,1
66,1
65,1
65,1
65,1
65,1
65,1
65,1
65,1
64,1
64,1
64,1
64,1
64,1
64,1
64,1
64,1
64,1
64,1
63,1
63,1
63,1
63,1
62,1
62,1
62,1
62,1
62,1
62,1
61,1
61,1
61,1
61,1
61,1
61,1
60,1
60,1
60,1
60,1
60,1
60,1
60,1
60,1
60,1
59,1
59,1
59,1
59,1
59,1
59,1
59,1
58,1
58,1
58,1
58,1
58,1
58,1
58,1
58,1
57,1
57,1
57,1
57,1
57,1
56,1
56,1
56,1
56,1
56,1
56,1
56,1
55,1
55,1
55,1
55,1
55,1
55,1
55,1
55,1
54,1
54,1
54,1
54,1
54,1
54,1
53,1
53,1
53,1
53,1
53,1
53,1
53,1
53,1
52,1
52,1
52,1
52,1
52,1
52,1
52,1
51,1
51,1
51,1
51,1
51,0
51,1
51,1
50,1
50,1
50,1
50,1
50,1
50,1
50,1
49,1
49,1
49,1
49,1
49,1
49,1
49,1
48,1
48,1
48,1
48,1
48,1
47,0
47,1
47,1
47,1
46,1
46,1
46,1
46,1
46,1
45,1
45,1
45,1
45,1
45,1
45,1
45,1
45,1
44,1
44,1
44,1
44,1
44,1
44,1
44,1
43,1
43,1
43,1
43,1
42,1
42,1
42,1
42,1
41,0
41,0
41,1
41,1
40,1
40,1
40,1
39,1
39,1
39,1
39,1
39,1
39,1
38,1
38,1
38,1
38,1
37,1
37,1
37,1
37,1
37,1
37,1
36,1
36,1
36,1
36,1
36,1
35,1
35,1
35,1
35,1
35,1
35,1
34,1
34,1
34,1
34,1
33,1
33,1
33,1
33,1
33,1
33,1
33,1
32,1
32,1
32,0
32,1
32,1
31,1
31,1
31,1
31,1
31,1
31,1
30,1
30,1
30,1
30,1
30,1
30,1
29,1
29,1
29,1
29,1
29,1
29,1
29,1
28,1
28,1
28,1
28,1
28,1
27,1
27,1
27,1
27,1
27,1
26,1
26,1
26,1
26,0
26,1
26,1
25,1
25,1
25,1
25,1
25,1
24,1
24,1
24,1
24,1
24,1
24,1
24,1
24,1
23,1
23,1
23,1
23,1
23,1
23,1
23,1
22,1
22,1
22,1
22,1
22,1
21,1
21,1
21,1
21,1
21,1
21,1
20,1
20,1
20,1
20,1
20,1
20,1
20,1
20,1
19,1
19,1
19,1
18,1
18,1
18,1
18,1
18,1
18,1
17,1
17,1
17,1
17,1
17,1
17,1
16,1
16,1
16,1
16,1
16,1
16,1
15,1
15,1
15,1
15,1
14,1
14,1
14,1
14,1
14,1
14,1
14,1
14,1
14,1
14,1
13,1
13,1
12,1
12,1
12,1
12,1
12,1
12,1
11,1
11,1
11,0
11,1
11,1
11,1
10,1
10,1
9,1
9,1
9,1
9,1
9,1
9,1
9,1
9,1
8,1
8,1
8,1
8,1
8,1
7,1
7,1
7,1
7,1
7,1
6,1
6,1
6,1
5,1
5,1
5,1
5,1
5,1
5,1
5,1
5,1
4,1
4,1
4,1
4,1
3,1
3,1
3,1
3,1
3,1
3,1
2,1
2,1
2,1
2,1
2,1
2,1
2,1
1,1
1,1
1,1
1,1
1,1
1,1
1,1
1,1
1,1
0,1
0,1
0,1
0,1
0,1
0,1
0,1
0,1
0,1
0,1
90,1
89,1
88,1
87,1
86,1
85,1
84,1
83,1
82,1
81,1
80,1
79,1
78,1
77,1
76,1
75,1
74,1
73,1
72,1
71,1
70,1
68,1
66,1
65,1
64,1
63,1
62,1
61,1
60,1
59,1
58,1
57,1
56,1
55,1
54,1
53,1
52,1
51,1
50,1
49,1
48,1
47,1
46,1
45,1
44,1
43,1
42,1
41,1
40,1
39,1
38,1
37,1
36,1
35,1
34,1
33,1
32,1
31,1
30,1
29,1
28,1
27,1
26,1
25,1
24,1
23,1
22,1
21,1
20,1
18,1
18,1
17,1
16,1
15,1
14,1
13,1
12,1
11,1
10,1
9,1
8,1
7,1
6,1
5,1
4,1
54,1
27,0
82,1
78,1
76,1
65,1
51,1
46,1
42,1
42,1
33,1
32,1
28,1
10,1
9,1
38,1
38,1
90,1
87,1
87,1
81,1
76,1
72,1
70,1
70,1
68,1
68,1
68,1
66,1
46,1
40,1
38,1
35,1
31,1
79,0
8,0
69,0
37,0
15,0
82,0
61,0
82,0
80,1
67,0
48,0
70,0
30,0
55,0
34,0
14,0
14,1
14,0
72,0
57,0
57,0
70,1
41,0
30,1
30,1
23,0
46,1
75,1
73,0
73,1
68,1
62,1
54,0
26,1
24,1
18,1
17,1
17,1
11,1
11,1
9,1
5,1
4,1
3,0
2,1
1,0
90,1
88,1
79,1
65,1
17,1
64,1
56,1
38,1
15,1
6,1
89,1
88,1
85,1
75,1
75,1
74,1
72,1
68,1
56,1
52,1
51,1
47,1
44,1
41,1
39,1
26,1
13,1
13,1
90,1
90,1
90,1
90,0
90,1
90,1
90,1
90,1
90,0
90,1
90,1
90,1
90,1
90,1
89,1
89,1
89,1
89,1
87,0
87,1
86,0
86,1
85,0
85,1
81,1
80,1
80,1
80,1
80,1
80,1
78,1
77,0
77,1
77,1
77,1
75,1
75,1
75,1
75,1
74,1
74,1
74,1
74,1
74,1
74,1
73,1
73,1
72,0
68,1
68,1
68,1
67,1
67,1
67,1
66,1
66,1
66,0
66,1
66,1
66,1
66,0
66,1
66,1
65,1
65,1
65,1
65,1
65,1
64,1
64,0
64,1
62,1
62,1
61,1
61,1
61,1
61,1
61,1
61,1
60,1
60,1
60,1
59,1
59,1
59,1
59,1
58,0
58,1
58,1
58,1
57,1
56,1
55,1
55,1
55,0
55,1
55,1
55,1
54,1
54,1
54,1
53,0
53,1
53,1
53,1
53,0
53,1
53,1
53,1
53,1
53,1
53,1
53,1
52,1
52,1
52,1
49,1
49,1
49,1
49,1
49,1
49,1
49,1
49,1
49,1
47,1
47,1
47,1
47,1
47,1
47,0
47,1
46,1
46,1
46,1
46,1
46,1
46,1
46,1
45,1
45,1
45,0
45,1
45,1
45,1
45,1
43,1
43,1
43,1
43,1
43,1
43,1
43,0
43,1
43,1
42,1
42,1
41,1
41,0
41,1
41,1
41,1
41,1
41,1
41,1
40,1
40,1
40,1
40,1
39,1
39,1
39,1
39,1
39,1
39,1
39,1
39,1
39,1
39,1
38,1
38,1
38,1
38,1
34,1
34,1
34,1
32,0
32,1
32,1
32,1
32,1
32,1
31,1
31,0
31,1
31,0
31,1
31,1
31,0
31,1
31,1
30,0
30,0
30,1
30,1
30,1
30,0
30,1
30,1
30,1
30,1
29,1
28,1
28,1
28,1
28,1
28,1
28,1
28,1
28,1
28,1
28,1
27,1
27,1
26,1
26,1
26,1
26,1
26,1
26,1
26,1
26,1
26,0
26,1
26,1
26,1
25,0
25,1
25,1
25,1
25,1
25,1
25,1
24,1
24,1
24,1
24,1
24,0
24,1
24,1
24,1
24,1
24,0
24,1
24,0
24,1
23,1
23,1
23,1
23,1
23,1
23,1
23,1
23,1
23,1
23,1
23,1
23,1
22,1
21,1
21,1
21,1
21,1
21,1
21,0
21,1
21,1
21,1
21,1
21,1
21,1
20,1
20,1
20,1
20,1
19,1
19,1
19,1
19,1
19,1
19,1
19,1
19,1
17,1
17,1
17,1
17,1
17,1
17,1
17,1
17,0
17,1
17,1
16,1
16,1
16,1
16,1
16,1
16,0
16,1
13,1
13,1
13,1
13,1
13,1
13,0
13,1
12,0
12,1
12,0
12,1
12,1
12,1
11,1
11,1
11,1
11,1
10,1
10,1
10,1
10,1
10,1
10,1
10,1
9,1
9,1
9,1
9,1
9,1
9,1
9,1
8,1
8,1
8,1
8,1
7,1
7,1
7,1
7,1
7,1
7,1
7,0
7,1
7,1
7,1
5,0
4,1
4,1
4,1
4,1
4,1
4,1
3,1
3,1
3,1
3,1
3,1
3,1
3,1
3,1
3,1
1,1
1,1
1,1
1,0
1,1
1,1
38,1
38,1
38,1
37,1
36,1
36,1
35,1
34,1
34,1
34,1
34,1
34,1
33,1
32,1
32,1
32,1
32,1
32,1
32,1
32,1
31,1
89,1
89,1
87,0
87,1
83,1
83,1
82,1
82,1
81,1
81,1
80,1
80,1
79,1
79,1
76,0
76,1
73,1
69,1
58,1
53,1
53,1
53,1
52,1
52,1
52,1
52,1
51,1
47,1
47,1
47,1
45,0
51,0
89,1
89,1
81,0
47,1
32,1
18,1
86,1
69,0
62,0
57,0
55,0
53,0
43,1
38,1
34,1
33,0
30,1
26,0
23,1
20,1
19,1
19,1
18,1
9,1
8,0
7,1
7,1
5,1
4,1
77,0
53,0
18,0
50,0
89,1
88,1
87,1
86,1
85,1
84,1
83,1
82,1
81,1
80,1
79,1
78,1
77,1
76,1
75,1
74,1
73,1
72,1
72,1
71,1
70,1
69,1
68,1
67,1
66,1
65,1
64,1
63,1
62,1
61,1
60,1
59,1
58,1
57,1
56,1
55,1
54,1
53,1
52,1
51,1
50,1
49,1
48,1
47,1
46,1
45,1
44,1
43,1
42,1
41,1
40,1
39,1
38,1
37,1
36,1
35,1
34,1
33,1
32,1
31,1
30,1
29,1
28,1
27,1
26,1
25,1
24,1
23,1
22,1
21,1
20,1
19,1
18,1
17,1
16,1
15,1
14,1
13,1
12,1
11,1
10,1
9,1
8,1
7,1
6,1
5,1
4,1
3,1
2,1
1,1
0,1
82,0
82,0
63,1
61,1
56,1
19,1
9,1
6,1
75,0
55,1
90,1
89,1
88,1
88,1
76,1
73,1
62,1
62,1
62,1
62,1
61,1
60,1
60,1
60,1
59,1
59,1
59,1
59,1
59,0
59,1
59,1
59,1
58,1
58,1
58,1
58,1
58,1
58,1
58,1
58,1
58,1
55,1
55,1
55,1
55,1
55,1
55,1
55,1
54,1
53,1
53,1
51,1
51,1
48,1
48,1
48,1
48,1
48,0
47,1
46,1
46,1
46,1
44,1
44,1
41,1
41,1
41,1
40,1
40,1
38,1
33,1
33,1
32,1
81,1
69,1
69,1
69,1
62,1
62,1
62,1
62,1
55,1
45,1
45,1
45,1
45,1
41,1
27,1
18,1
18,1
72,0
62,0
54,0
45,0
32,1
27,1
25,1
6,0
37,0
20,0
11,0
10,0
63,1
22,0
22,0
0,0
0,0
85,0
87,0
87,0
82,0
4,0
79,0
23,0
13,1
13,1
13,1
11,1
11,1
11,1
11,0
87,1
4,1
88,0
32,0
12,0
11,0
11,0
10,0
81,0
38,0
35,0
19,0
86,1
80,1
69,1
67,1
8,1
8,1
8,0
90,1
90,1
90,1
89,1
89,1
88,1
88,1
87,1
87,1
86,1
86,1
85,1
85,1
84,1
84,1
83,1
83,1
82,1
82,1
81,1
81,1
80,1
80,1
79,1
79,1
78,1
78,1
77,1
77,1
76,1
76,1
75,1
75,1
74,1
74,1
73,1
73,1
72,1
72,1
71,1
71,1
70,1
70,1
69,1
69,1
68,1
68,1
67,1
67,1
66,1
66,1
65,1
64,1
64,1
63,1
63,1
62,1
62,1
61,1
61,1
60,1
60,1
59,1
59,1
58,1
58,1
57,1
57,1
56,1
56,1
55,1
55,1
54,1
54,1
53,1
53,1
52,1
52,1
51,1
51,1
50,1
50,1
49,1
49,1
48,1
48,1
47,1
47,1
46,1
46,1
45,1
45,1
44,1
44,1
43,1
43,1
42,1
42,1
41,1
41,1
40,1
40,1
39,1
39,1
38,1
38,1
37,1
37,1
37,1
37,1
36,1
36,1
36,1
35,1
35,1
34,1
34,1
33,1
33,1
32,1
32,1
31,1
31,1
30,1
30,1
29,1
29,1
29,1
28,1
27,1
27,1
26,1
26,1
25,1
25,1
24,1
24,1
23,1
23,1
22,1
22,1
21,1
21,1
20,1
20,1
19,1
19,1
18,1
18,1
17,1
17,1
16,1
16,1
15,1
15,1
14,1
14,1
13,1
13,1
13,1
13,1
12,1
12,1
11,1
11,1
10,1
10,1
9,1
9,1
8,1
8,1
7,1
7,1
6,1
6,1
5,1
5,1
4,1
4,1
4,1
4,1
3,1
3,1
3,1
3,1
2,1
2,1
2,1
2,1
1,1
1,1
0,1
0,1
85,1
67,0
86,1
74,0
70,1
41,1
18,1
90,1
89,1
88,1
87,1
86,1
85,1
84,1
83,1
82,1
80,1
79,1
78,1
77,1
76,1
75,1
74,1
73,1
72,1
71,1
70,1
69,1
68,1
67,1
66,1
65,1
64,1
63,1
62,1
61,1
60,1
59,1
58,1
57,1
56,1
55,1
54,1
53,1
52,1
51,1
50,1
49,1
48,1
47,1
46,1
45,1
44,1
43,1
42,1
41,1
40,1
39,1
38,1
37,1
36,1
35,1
34,1
33,1
32,1
31,1
30,1
29,1
28,1
27,1
26,1
26,1
24,1
23,1
22,1
21,1
19,1
18,1
17,1
16,1
15,1
14,1
13,1
12,1
11,1
10,1
9,1
8,1
7,1
6,1
5,1
4,1
3,1
2,1
1,1
0,1
44,1
33,0
11,0
6,1
6,1
48,1
83,1
57,1
57,1
23,1
23,1
10,0
87,1
85,1
84,1
82,1
80,1
80,1
80,1
80,1
80,1
78,1
78,1
78,1
75,1
74,1
72,1
72,1
67,1
63,1
63,1
58,1
88,1
88,1
86,1
80,0
80,1
75,0
75,1
69,1
65,1
53,1
53,1
39,0
38,1
38,1
34,1
34,1
26,1
25,1
25,1
23,1
23,1
10,1
67,1
87,1
87,1
82,1
82,1
82,1
76,1
76,1
30,1
2,0
73,0
70,0
17,1
16,1
5,0
88,0
73,0
12,0
4,0
90,0
89,0
87,0
85,1
85,1
84,1
83,1
82,0
82,1
81,0
80,0
78,1
78,1
76,1
76,0
75,1
74,1
73,1
73,1
75,1
73,1
73,1
61,0
53,0
52,1
48,0
60,1
30,1
87,0
60,0
73,0
72,0
90,1
83,1
76,1
69,1
62,1
58,1
55,1
48,1
41,1
34,1
27,1
20,1
13,1
6,1
6,0
46,1
79,0
76,1
75,1
72,1
69,1
68,1
66,1
46,1
38,1
26,1
23,1
19,1
18,0
16,1
13,1
10,1
6,1
6,1
90,1
90,1
90,1
89,1
86,1
83,1
83,1
83,1
83,1
79,1
75,1
74,1
74,1
74,1
73,1
73,1
69,1
61,1
58,1
52,1
52,1
52,1
52,1
52,1
52,1
52,1
50,1
44,1
38,1
38,1
31,1
31,1
27,1
26,1
25,1
16,1
11,1
9,1
8,1
7,1
6,1
5,1
3,1
86,1
57,1
56,1
54,1
42,1
42,1
34,1
34,0
23,1
12,1
3,1
3,0
34,1
32,0
4,0
90,0
45,0
34,0
19,0
24,0
10,1
81,1
81,1
76,0
73,1
73,1
58,1
58,1
40,1
29,1
88,0
62,0
54,0
52,0
46,0
39,0
3,0
90,1
89,1
88,1
87,1
83,1
81,1
80,1
79,1
76,1
75,1
74,1
73,1
72,1
69,1
68,1
67,1
66,1
65,1
61,1
60,1
59,1
54,1
53,1
51,1
47,1
45,1
38,1
34,1
32,1
31,1
30,1
27,1
25,1
24,1
23,1
19,1
19,1
19,1
17,1
13,1
9,1
7,1
7,1
6,1
5,1
5,1
61,0
47,1
47,1
34,1
33,0
31,0
62,0
60,0
57,0
55,0
54,1
39,0
39,0
39,0
29,0
28,0
27,0
18,1
12,1
79,0
60,1
34,0
18,0
87,1
63,1
34,1
20,1
19,1
84,1
82,0
81,0
73,1
69,0
68,0
67,0
66,1
66,1
65,0
62,0
61,1
60,0
58,1
58,1
54,1
53,0
47,0
46,0
45,1
42,0
41,1
40,1
39,1
35,0
34,1
34,1
28,1
24,0
24,0
24,0
21,1
18,1
16,1
15,1
13,1
12,1
12,1
2,1
86,1
69,1
60,0
45,1
39,1
34,1
31,1
31,1
24,1
24,1
23,1
6,1
6,1
78,1
40,1
13,1
65,1
60,1
39,1
31,1
23,1
23,1
19,1
16,1
10,1
83,1
59,1
59,1
58,0
86,0
81,0
39,0
30,0
30,0
27,1
0,0
66,1
48,1
33,1
30,1
17,1
11,1
10,1
88,1
84,1
82,1
82,1
82,1
82,1
82,1
81,1
78,1
78,1
75,1
73,1
73,1
71,1
71,1
67,1
65,1
65,1
62,1
62,1
61,1
55,1
42,1
35,1
35,1
34,1
13,1
12,1
10,1
2,1
2,0
53,0
55,1
90,0
89,0
88,0
88,0
88,0
87,0
86,0
86,0
85,0
81,0
77,0
72,0
72,0
67,0
66,0
66,0
63,0
61,0
58,0
57,0
57,0
55,0
53,0
51,0
50,0
45,0
43,0
43,0
42,0
40,0
39,0
34,0
31,0
31,0
29,0
24,0
19,0
19,0
18,0
17,0
17,0
16,1
16,0
15,0
13,0
13,0
10,0
9,0
7,0
5,0
4,0
2,0
1,0
13,1
11,1
9,1
5,1
5,1
67,1
58,1
53,0
47,1
47,1
18,0
18,0
4,0
4,0
82,0
80,1
53,1
34,1
27,0
25,1
19,1
18,1
13,1
10,1
53,1
47,1
47,0
82,0
82,0
68,1
55,0
3,0
3,0
3,0
90,1
89,1
88,1
87,1
86,1
85,1
84,1
83,1
82,1
81,1
80,1
79,1
78,1
77,1
76,1
75,1
74,1
73,1
72,1
71,1
70,1
69,1
68,1
66,1
66,1
65,1
63,1
61,1
59,1
58,1
57,1
56,1
55,1
54,1
53,1
52,1
51,1
50,1
49,1
48,1
47,1
46,1
45,1
44,1
42,1
41,1
40,1
39,1
38,1
37,1
36,1
35,1
34,1
33,1
32,1
31,1
30,1
28,1
27,1
26,1
24,1
22,1
20,1
19,1
18,1
17,1
16,1
15,1
14,1
13,1
12,1
11,1
10,1
9,1
8,1
7,1
6,1
5,1
3,1
2,1
1,1
0,1
60,1
59,1
56,1
54,1
53,1
48,1
31,1
26,1
25,1
25,1
25,1
24,1
20,1
19,1
18,1
17,1
11,1
11,1
11,1
10,1
9,1
9,1
9,1
6,1
88,0
86,0
84,1
84,0
70,1
69,1
66,1
59,1
59,1
58,0
32,0
17,1
17,1
12,1
11,0
46,0
17,1
88,1
83,1
82,1
80,1
76,1
75,1
75,1
71,1
69,1
69,0
68,1
67,1
67,1
64,1
61,1
57,1
57,1
53,1
51,1
51,1
50,1
48,1
48,1
48,1
44,1
44,1
41,1
41,0
39,1
39,1
38,1
34,1
34,1
33,1
32,1
31,1
31,1
31,1
30,1
27,1
26,1
25,1
25,1
24,0
23,1
22,1
19,1
16,1
13,1
10,1
10,1
9,1
8,1
7,1
4,1
4,1
3,1
3,1
1,1
89,1
88,1
88,1
83,1
82,1
81,1
74,1
68,1
53,1
52,1
51,1
51,1
48,1
48,1
48,1
48,1
47,1
46,1
46,1
45,1
44,1
44,1
41,1
40,1
40,1
38,0
33,1
22,1
18,1
17,0
9,0
5,0
4,0
3,1
89,0
86,0
66,0
66,0
58,0
53,0
46,1
46,1
42,0
39,0
38,0
32,0
30,0
25,1
16,0
12,0
83,1
73,1
69,1
65,1
55,1
16,1
90,0
90,0
90,0
90,0
90,0
90,0
83,0
83,0
83,0
83,0
83,0
76,0
75,0
75,0
75,0
72,0
69,0
61,0
61,0
61,0
55,0
55,0
55,0
51,0
51,0
49,0
49,0
49,0
49,0
46,0
40,1
35,1
33,0
33,0
31,0
31,0
31,0
31,0
31,0
29,0
29,0
24,0
24,0
24,0
22,0
19,0
19,0
19,0
19,0
19,0
19,0
19,0
19,0
19,0
19,0
19,0
19,0
15,0
11,0
11,0
11,0
11,0
9,0
9,0
9,0
6,0
6,0
4,0
4,0
4,0
4,0
4,0
4,0
4,0
4,0
4,0
4,0
4,0
4,0
1,0
56,1
39,1
39,1
31,1
32,0
32,0
79,0
79,0
69,0
67,0
56,0
55,0
18,0
17,0
11,0
9,0
4,0
63,0
16,1
87,1
77,1
77,1
77,1
77,1
77,1
51,1
35,0
35,1
31,1
23,1
23,1
23,1
23,1
23,1
23,0
16,1
16,1
12,1
12,1
12,1
12,1
12,1
12,1
90,1
80,1
80,1
66,1
41,1
9,1
3,1
3,1
33,0
10,0
90,1
90,1
89,1
89,1
89,1
89,1
89,1
89,1
88,1
88,1
88,1
88,1
88,1
87,1
87,0
86,1
86,1
86,1
86,1
85,1
85,1
85,1
85,0
85,1
85,1
84,1
84,1
83,1
83,1
82,1
82,0
82,1
82,1
82,1
82,1
82,1
81,1
81,0
81,1
80,1
80,1
80,1
80,1
80,1
80,1
79,1
79,1
79,1
79,1
78,1
78,1
78,1
78,1
78,1
78,1
78,1
78,1
77,1
77,1
77,1
77,1
77,1
77,1
76,1
76,1
75,1
75,1
75,1
75,1
74,1
74,1
74,1
74,1
74,1
74,1
74,1
74,1
73,1
73,1
73,1
73,1
73,1
73,1
73,0
73,1
72,1
72,1
72,1
72,0
71,1
71,1
71,1
71,1
71,1
70,0
70,1
70,1
70,1
70,1
69,1
69,1
69,1
69,1
69,1
68,0
68,1
68,1
68,1
68,0
67,1
66,1
66,1
66,1
66,1
66,0
65,1
65,1
65,1
64,1
64,1
64,1
64,1
64,1
64,1
64,1
64,1
63,1
63,1
63,0
63,1
63,1
63,1
63,1
62,1
62,1
62,1
62,1
62,1
61,1
61,1
61,0
61,1
61,1
60,1
60,1
60,1
60,1
59,1
59,1
59,1
59,1
58,1
58,1
58,1
58,1
58,1
58,1
57,1
57,1
57,0
57,1
57,1
56,1
56,1
56,1
56,1
56,1
56,1
55,1
55,1
54,1
54,1
54,1
54,1
54,1
54,1
54,1
53,1
53,1
53,1
53,1
53,0
52,1
52,1
52,1
52,1
52,1
52,1
50,0
50,1
50,1
50,1
50,1
50,1
49,1
49,1
49,1
48,1
48,1
48,1
48,1
48,1
48,1
47,1
47,1
47,1
46,1
46,1
46,0
46,1
45,1
45,1
45,1
45,1
44,1
44,0
44,1
44,1
44,1
44,1
43,1
43,0
43,1
43,1
42,1
42,1
41,1
41,1
41,1
41,1
40,1
40,1
40,1
39,1
39,1
39,1
39,1
39,1
38,1
37,1
37,0
37,1
37,1
37,1
37,1
37,1
36,1
36,1
36,1
36,1
35,1
35,1
35,1
35,1
35,1
34,1
34,1
34,0
34,1
34,1
34,1
33,1
33,1
32,1
32,1
32,1
32,1
32,1
32,1
31,1
31,1
31,1
31,1
31,1
31,1
30,1
30,1
30,1
30,1
30,1
30,1
30,1
30,1
29,1
29,1
29,1
29,1
28,0
28,1
28,1
28,1
27,1
27,1
27,0
26,1
26,1
26,1
26,1
26,1
25,1
25,1
25,1
24,1
24,1
23,1
23,1
23,0
22,1
22,1
22,1
22,1
22,1
21,1
21,1
20,1
20,1
20,1
20,1
20,1
20,1
20,1
19,1
19,1
19,1
19,1
19,1
19,0
18,1
18,1
18,1
18,1
18,1
17,1
17,1
17,1
17,1
17,1
17,1
17,1
17,1
17,1
17,1
17,1
16,1
16,1
15,1
15,1
15,1
15,1
14,1
14,1
14,1
14,0
14,1
13,1
13,1
13,1
13,1
13,1
12,1
12,1
12,1
12,1
12,1
11,1
11,1
11,1
11,1
11,0
11,1
10,1
10,1
10,1
10,1
10,1
10,1
10,1
10,1
10,0
9,1
9,1
9,1
9,1
9,1
9,0
8,1
8,1
8,1
8,1
8,1
8,1
8,0
8,1
8,1
8,1
7,1
7,1
7,1
7,1
7,1
6,1
6,1
6,1
6,1
5,1
5,1
5,1
5,1
5,1
4,1
4,1
4,1
4,1
4,1
4,1
3,0
3,1
3,1
3,1
3,1
2,1
2,1
2,1
2,1
2,1
2,1
2,1
1,0
1,1
1,1
1,1
1,1
1,1
1,1
1,1
0,1
0,1
0,1
0,1
60,0
3,1
35,1
33,0
89,1
77,1
30,1
67,1
64,1
64,1
62,1
49,1
49,1
45,1
42,0
32,1
16,1
1,1
59,0
58,0
58,0
58,0
54,0
52,0
30,0
90,1
89,1
89,1
89,0
88,1
88,1
88,1
88,1
88,1
88,0
86,1
85,1
84,1
83,1
83,1
83,1
83,1
82,1
82,1
82,0
81,1
81,1
81,1
81,1
81,0
77,1
77,1
77,1
76,1
76,0
76,1
76,1
75,1
75,1
75,1
73,1
72,1
72,0
72,1
72,0
67,1
64,1
63,1
63,1
60,1
58,1
58,1
57,1
55,1
54,1
54,1
54,0
53,1
53,1
53,1
53,1
53,0
52,1
51,1
49,1
47,1
47,0
40,1
39,1
39,1
39,0
37,1
37,1
36,0
36,1
35,1
35,1
33,1
33,0
32,1
32,1
32,0
30,1
29,1
29,1
28,1
27,0
27,0
27,1
26,1
26,1
26,0
25,1
25,0
24,1
24,1
22,1
19,1
19,0
18,1
18,1
18,0
17,1
17,0
17,1
15,1
15,1
15,1
14,1
12,1
12,1
12,1
12,1
11,1
11,1
11,0
10,1
8,1
7,1
7,1
7,0
5,1
5,0
4,0
4,1
4,1
4,0
2,1
0,1
0,1
89,1
89,1
88,1
88,1
88,1
83,1
83,1
80,1
80,1
73,1
68,1
68,1
65,1
55,1
54,1
54,1
52,1
52,1
52,1
52,1
46,1
46,1
41,1
41,0
39,1
39,1
31,1
31,1
25,1
25,1
23,1
23,1
23,0
23,1
23,1
23,1
21,0
20,0
15,1
15,1
11,1
9,1
6,1
6,0
3,1
35,0
35,1
19,1
14,1
85,1
83,1
79,1
79,1
79,1
78,1
76,1
66,1
66,0
64,0
64,1
60,1
58,1
58,1
54,1
53,0
51,1
51,1
43,1
40,1
35,1
33,1
33,1
32,1
30,1
24,0
23,1
19,1
9,1
5,1
3,1
3,1
2,1
88,1
82,1
82,1
72,1
62,1
57,0
55,1
55,1
39,0
39,0
39,1
21,1
19,1
9,1
5,1
69,0
81,0
81,0
90,1
68,1
69,1
38,1
8,1
84,1
83,1
80,1
50,1
48,1
32,1
23,1
17,1
15,1
65,1
85,1
85,1
57,1
46,1
8,1
88,1
83,1
74,1
73,1
65,1
65,1
65,1
65,1
63,1
62,1
62,1
62,1
60,1
59,1
59,1
59,1
54,1
54,1
52,1
52,1
46,1
46,1
46,1
45,1
37,1
37,1
35,1
32,1
32,1
18,1
11,1
9,1
6,1
46,1
28,1
21,1
14,1
7,0
7,1
2,1
76,0
76,0
76,1
67,1
65,1
60,1
26,1
22,1
2,1
72,1
44,0
18,0
16,1
2,1
88,1
87,0
87,1
86,0
80,1
80,1
80,1
75,1
75,1
74,1
72,0
72,1
71,1
71,1
69,1
68,1
68,1
67,1
67,1
66,1
65,1
65,1
61,1
61,1
60,1
60,1
60,1
59,1
59,0
59,1
58,0
58,1
58,1
58,1
57,1
56,1
55,1
55,1
55,1
55,1
54,1
53,1
53,1
53,1
53,1
52,1
52,1
51,1
44,1
44,1
41,1
41,1
40,1
40,1
39,1
37,1
37,0
37,1
36,1
36,1
35,1
35,1
34,1
34,0
31,0
31,1
30,1
30,1
30,1
29,1
29,0
25,1
23,1
22,0
21,1
19,1
16,1
10,1
7,1
6,1
75,1
73,1
73,1
61,0
54,1
53,0
46,0
82,1
82,1
77,1
76,1
75,1
72,1
71,1
70,1
69,1
68,1
64,1
63,1
62,1
61,1
60,1
59,1
58,1
53,1
52,1
51,1
51,1
50,1
49,1
47,1
47,1
46,1
45,1
44,1
43,1
42,1
42,1
41,1
40,1
38,1
37,1
35,1
34,1
34,1
33,1
32,1
31,1
31,1
31,1
30,1
29,1
29,1
28,1
27,1
26,1
25,1
25,1
25,1
24,1
24,1
22,1
22,1
19,1
18,1
16,1
15,1
14,1
13,1
12,1
11,1
10,1
9,1
7,1
6,1
5,1
3,1
2,1
1,1
0,1
90,1
90,1
89,1
89,1
88,1
88,1
87,1
86,1
85,1
84,1
84,1
82,1
81,1
80,1
80,1
79,1
78,1
77,1
75,1
74,1
74,1
73,1
72,1
72,1
71,1
70,1
70,1
69,1
67,1
66,1
66,1
64,1
62,1
61,1
60,1
60,1
59,1
59,1
59,1
58,1
58,1
57,1
56,1
55,1
55,1
54,1
53,1
52,1
47,1
47,1
45,1
45,1
45,1
44,1
43,1
42,1
40,1
40,1
40,1
40,1
39,1
38,1
38,1
37,1
36,1
35,1
35,1
34,1
34,1
34,1
33,1
32,1
32,1
30,1
29,1
29,1
24,1
24,1
23,1
23,1
22,1
20,1
18,1
18,1
17,1
16,1
16,1
15,1
14,0
13,1
12,1
11,1
10,1
10,1
9,1
9,1
8,1
7,1
6,1
5,1
5,1
4,1
3,1
2,1
1,1
0,1
66,1
66,1
44,1
40,1
39,1
38,1
33,1
31,1
24,1
24,1
19,1
14,1
12,1
10,1
10,1
9,1
9,1
9,1
5,1
2,1
2,1
1,1
87,0
82,1
82,0
81,1
81,0
80,0
79,1
79,1
74,0
72,1
67,0
53,0
53,0
52,1
33,1
33,1
32,1
31,1
26,1
25,1
25,0
24,1
23,1
18,1
9,1
6,1
4,1
88,1
87,1
87,0
87,0
87,0
87,0
84,1
84,0
84,1
81,1
80,0
76,0
76,0
76,0
75,0
74,1
74,0
70,1
70,1
68,0
68,0
68,0
68,0
67,1
67,1
63,1
63,1
62,1
62,1
59,1
59,1
56,1
55,0
55,0
53,1
48,1
48,0
48,1
47,1
46,1
42,0
41,1
41,1
41,1
41,1
40,1
33,1
33,1
33,1
33,1
33,1
33,1
28,1
28,1
25,1
25,1
25,1
21,1
20,1
17,0
14,0
14,0
12,0
12,0
11,1
11,1
6,1
61,1
88,1
83,0
76,0
75,0
75,0
75,0
74,0
72,0
70,1
66,0
57,0
56,1
54,0
48,0
47,0
41,1
41,0
40,1
29,1
27,0
27,0
20,0
19,0
12,0
5,0
65,0
55,0
51,1
51,0
51,0
51,1
51,1
51,0
51,0
26,0
46,0
46,0
37,1
26,1
90,0
89,1
89,1
89,1
89,1
88,1
87,1
87,1
86,1
85,1
85,1
84,1
83,1
82,0
82,1
82,1
82,1
82,1
82,1
82,1
82,1
82,1
82,1
82,1
82,1
81,1
80,1
79,1
76,1
73,1
72,1
72,0
71,1
70,1
69,0
68,1
68,0
68,1
68,1
68,1
68,1
67,1
67,1
67,0
66,0
65,1
65,1
65,0
65,1
64,1
64,1
64,1
63,0
63,1
62,1
62,0
61,1
60,0
57,1
55,0
54,1
52,1
52,0
48,1
47,1
47,1
47,1
47,1
47,1
47,1
47,1
45,1
45,1
45,1
45,1
45,1
45,1
45,1
44,1
43,1
41,1
41,1
41,1
80,1
68,0
47,0
80,1
37,1
10,1
3,1
3,0
18,1
18,1
89,0
85,1
82,0
79,1
79,0
79,0
76,1
76,1
62,0
59,1
56,1
55,0
55,0
55,0
52,0
46,0
39,0
38,0
35,1
35,1
35,1
33,0
33,0
33,0
32,0
30,0
25,0
22,1
22,1
21,1
19,0
19,1
17,0
16,1
16,0
13,0
9,0
8,1
8,0
2,0
1,1
1,0
75,1
73,1
73,1
54,1
53,0
75,1
73,1
73,1
61,0
54,1
54,1
53,1
53,0
48,0
47,1
87,0
70,1
68,1
59,1
59,0
48,1
45,0
44,0
17,0
11,1
90,1
90,1
90,1
89,0
89,0
89,1
89,1
89,1
89,1
89,0
89,1
89,1
88,0
88,1
88,0
88,1
88,1
88,1
87,0
87,1
87,0
87,1
87,0
87,1
87,1
87,1
87,1
87,1
87,0
87,0
87,1
86,1
86,0
86,0
86,1
86,1
85,1
85,0
85,1
84,1
84,1
84,1
84,0
84,0
84,1
83,1
83,1
83,1
83,0
83,1
83,1
83,0
83,1
83,0
82,1
82,1
82,1
82,0
82,1
81,0
81,1
81,0
81,1
81,1
81,1
81,1
81,1
81,1
81,0
81,0
81,1
81,1
81,0
81,0
80,1
80,1
80,1
79,1
79,0
79,1
79,1
78,1
78,1
78,0
78,0
78,1
78,1
78,1
77,1
77,0
77,1
77,1
77,0
77,1
77,0
77,1
76,1
76,1
76,0
76,1
76,0
76,1
76,0
75,1
75,1
75,1
75,1
75,1
75,1
75,0
75,0
75,1
75,1
75,0
75,0
75,1
74,1
74,1
74,0
73,1
73,1
73,1
72,1
72,0
72,0
72,1
72,1
72,1
72,1
71,0
71,1
71,1
71,0
71,1
71,0
71,1
71,1
71,1
70,0
70,1
70,0
70,1
70,0
70,1
70,1
70,1
70,1
70,1
70,1
69,0
69,0
69,0
69,1
69,1
69,0
69,0
69,1
69,1
68,1
68,0
68,1
67,1
67,1
67,1
67,0
66,0
66,1
66,1
66,1
66,1
66,0
66,1
66,1
66,0
66,1
65,0
65,1
65,1
65,1
65,0
64,1
64,0
64,1
64,0
64,1
64,1
64,1
64,1
64,1
64,1
64,0
64,0
64,1
64,1
64,0
64,0
63,1
63,1
62,1
62,0
62,1
62,1
61,1
61,1
61,0
61,0
61,1
61,1
60,1
60,1
60,0
60,1
60,1
60,0
60,1
60,0
60,1
59,1
59,1
59,0
59,1
59,0
59,1
58,0
58,1
58,1
58,1
58,1
58,1
58,0
58,0
58,1
58,1
58,0
58,0
57,1
57,1
57,1
57,0
56,1
56,1
55,1
55,1
55,0
55,0
55,1
55,1
55,1
55,1
54,0
54,1
54,1
54,0
54,1
54,0
54,1
54,1
53,1
53,0
53,1
53,0
53,1
53,0
53,1
53,1
53,1
52,1
52,1
52,1
52,0
52,0
52,1
52,1
52,0
52,0
52,1
52,1
51,1
51,0
51,1
50,1
50,1
50,1
49,0
49,0
49,1
49,1
49,1
49,1
49,0
49,1
49,1
48,0
48,1
48,0
48,1
48,1
48,1
48,0
47,1
47,0
47,1
47,0
47,1
47,1
47,1
47,1
47,1
47,0
47,0
47,1
47,1
46,0
46,0
46,1
46,1
45,1
45,0
45,1
44,1
44,1
44,1
44,0
44,0
44,1
43,1
43,1
43,1
43,0
43,1
43,1
43,0
43,1
43,0
42,1
42,1
42,1
42,0
42,1
41,0
41,1
41,0
41,1
41,1
41,1
41,1
41,1
41,0
41,0
41,1
41,1
41,0
41,0
40,1
40,1
40,1
39,0
39,1
39,1
38,1
38,1
38,0
38,0
38,1
38,1
38,1
37,1
37,0
37,1
37,1
37,0
37,1
37,0
37,1
36,1
36,1
36,0
36,1
36,0
36,1
36,0
36,1
35,1
35,1
35,1
35,1
35,1
35,0
35,0
35,1
35,1
35,0
35,0
35,1
35,1
34,1
34,0
33,1
33,1
33,1
32,1
32,0
32,0
32,1
32,1
32,1
32,1
32,0
31,1
31,1
31,0
31,1
31,0
31,1
31,1
31,1
30,0
30,1
30,0
30,1
30,0
30,1
30,1
30,1
30,1
30,1
29,0
29,0
29,1
29,1
29,0
29,0
29,1
29,1
28,1
28,0
28,1
27,1
27,1
27,1
27,0
27,0
26,1
26,1
26,1
26,1
26,0
26,1
26,1
26,1
26,0
26,1
25,0
25,1
25,1
25,1
25,0
25,1
24,0
24,1
24,0
24,1
24,1
24,1
24,1
24,1
24,0
24,0
24,1
24,1
24,0
24,0
23,1
23,1
22,1
22,0
22,1
22,1
21,1
21,1
21,0
21,0
21,1
21,1
21,1
20,1
20,0
20,1
20,1
20,0
20,1
20,0
20,1
19,1
19,1
19,0
19,1
19,0
19,1
18,0
18,1
18,1
18,1
18,1
18,1
18,1
18,0
18,0
18,1
18,1
18,0
18,0
17,1
17,1
17,1
17,0
16,1
16,1
16,1
15,1
15,0
15,0
15,1
15,1
15,1
15,1
14,0
14,1
14,1
14,0
14,1
14,0
14,1
14,1
13,1
13,0
13,1
13,0
13,1
13,0
13,1
13,1
13,1
12,1
12,1
12,0
12,0
12,1
12,1
12,0
12,0
12,1
12,1
11,1
11,0
11,1
10,1
10,1
10,1
9,0
9,0
9,1
9,1
9,1
9,1
9,0
9,1
9,1
8,0
8,1
8,0
8,1
8,1
8,1
8,0
7,1
7,0
7,1
7,0
7,1
7,1
7,1
7,1
7,1
7,0
7,0
7,1
7,1
7,0
6,0
6,1
6,1
5,1
5,0
5,1
4,1
4,1
4,1
4,0
4,0
4,1
4,1
3,1
3,1
3,0
3,1
3,1
3,0
3,1
3,0
2,1
2,1
2,1
2,0
2,1
2,0
1,1
1,0
1,1
1,1
1,1
1,1
1,1
1,1
1,0
1,0
1,1
1,1
1,0
1,0
0,1
0,1
0,1
90,1
89,1
88,1
86,1
83,1
82,1
78,1
77,1
77,1
76,1
76,1
75,1
73,1
72,0
69,1
69,1
67,1
66,1
65,0
65,0
65,1
64,1
63,1
60,1
60,1
56,1
51,1
48,1
48,1
48,1
47,1
46,1
45,1
44,1
43,1
41,1
39,1
38,1
38,1
37,1
34,1
34,0
33,1
31,0
30,0
29,1
28,1
28,1
26,1
23,1
22,1
20,1
16,1
15,1
14,1
10,1
9,1
9,0
6,1
6,1
4,1
64,0
46,0
75,1
73,1
73,1
73,1
63,1
54,1
46,1
37,1
32,1
32,1
31,1
30,1
30,1
28,1
28,1
28,1
7,1
45,1
44,0
24,1
2,1
88,0
87,0
86,0
81,0
80,0
79,1
79,1
76,1
74,1
69,1
69,0
69,1
61,0
60,0
59,0
52,1
52,1
51,1
50,0
46,1
45,0
44,1
37,0
37,1
37,1
37,1
37,1
37,0
35,0
33,1
31,1
31,1
28,1
28,0
28,1
28,1
27,1
27,1
27,1
26,1
26,1
25,1
23,0
23,1
23,0
23,0
23,1
21,1
21,1
14,1
14,1
14,1
14,0
14,1
14,1
14,1
14,1
14,1
14,1
14,1
14,1
6,1
6,1
6,1
5,1
5,1
4,0
4,0
1,0
1,1
84,1
84,1
84,1
84,1
84,1
84,0
83,1
83,0
83,1
82,1
78,0
77,1
77,1
77,1
76,1
76,0
89,1
86,1
69,1
68,1
41,0
37,1
20,1
19,1
19,1
19,1
18,1
13,0
10,0
10,0
89,0
75,1
74,0
69,0
65,0
65,0
62,0
58,0
47,0
47,0
42,0
42,0
40,1
37,1
35,0
32,1
31,0
30,1
27,1
27,1
27,1
24,1
24,0
24,0
20,1
20,1
19,0
18,1
18,0
15,1
13,1
12,0
11,0
11,0
11,1
4,0
4,0
3,1
81,0
81,0
10,0
81,0
74,0
31,1
6,0
66,0
65,0
30,1
24,0
24,0
55,0
5,0
81,0
79,0
86,1
86,1
69,1
54,0
39,0
6,1
60,0
60,0
53,0
53,0
86,1
26,1
82,0
32,0
59,0
18,0
24,1
34,1
71,1
69,1
65,1
62,1
53,1
49,1
47,1
46,1
43,1
36,1
34,1
24,1
10,1
3,1
