87,0
31,0
11,0
10,0
61,0
61,0
74,0
63,0
53,0
26,0
23,0
18,0
17,0
17,0
17,0
16,0
12,0
9,0
8,0
83,0
83,0
58,1
47,1
42,0
26,0
0,0
26,0
26,0
83,0
81,0
81,0
65,0
65,0
27,0
89,0
86,0
67,0
53,0
49,0
49,0
41,0
38,0
38,0
34,0
34,0
34,0
25,0
25,0
24,0
2,0
0,0
57,0
49,0
74,0
58,0
58,0
52,0
29,0
40,0
9,0
82,0
29,0
78,0
74,0
68,0
17,0
12,0
35,0
35,0
65,0
28,0
20,0
83,0
70,0
30,0
1,0
71,0
42,0
21,0
20,0
14,0
10,0
19,0
1,0
81,0
73,0
73,0
71,0
66,0
65,0
65,0
62,0
59,0
58,0
58,0
57,0
56,0
52,0
52,0
52,0
47,0
47,0
45,0
39,0
36,0
35,0
25,0
24,0
24,0
23,0
22,0
20,0
20,0
19,0
15,0
0,0
88,0
88,1
83,0
81,1
74,0
73,0
72,0
64,0
63,0
61,0
57,0
22,0
18,0
15,0
69,0
69,0
65,0
36,0
43,0
9,0
64,0
36,0
36,0
34,0
58,0
52,0
0,0
61,1
61,0
84,0
71,0
17,0
10,0
69,0
64,0
41,0
16,0
8,0
81,0
81,0
76,0
76,1
81,0
81,0
57,0
39,0
34,0
63,0
63,0
41,0
83,0
10,0
85,0
67,0
67,0
66,0
65,0
61,0
61,0
60,0
55,0
53,0
46,0
46,0
46,0
45,0
43,0
43,0
86,0
61,0
61,0
60,0
54,0
54,0
46,0
39,0
58,0
16,0
87,1
87,0
54,0
53,0
49,0
49,0
36,0
18,0
5,0
4,0
89,0
78,0
77,0
66,0
48,0
33,0
11,0
88,0
88,1
35,0
35,0
51,0
46,0
29,0
71,0
43,0
53,0
31,0
53,0
52,0
32,0
63,0
26,0
26,0
22,0
80,0
10,0
40,0
40,0
40,0
40,0
40,0
39,0
25,0
25,0
78,0
78,0
77,0
72,0
66,0
65,0
58,0
54,0
41,0
39,0
21,0
13,0
13,1
8,0
7,0
6,0
3,0
3,0
3,0
3,0
58,0
21,0
13,0
50,0
37,0
65,0
60,0
60,0
59,0
53,0
52,0
49,0
49,0
72,0
72,0
49,0
47,1
42,1
50,0
32,0
87,0
56,0
47,0
11,0
73,0
66,0
65,0
84,0
80,0
69,0
68,0
66,0
45,0
42,0
41,0
39,0
32,0
30,0
30,0
5,0
32,0
69,0
66,0
45,0
36,0
25,0
24,0
24,0
7,0
7,0
74,0
60,0
58,0
48,0
45,0
25,0
16,0
76,1
76,0
76,0
69,0
58,0
52,0
30,0
29,0
29,0
26,0
25,0
21,0
12,0
10,0
8,0
16,0
14,0
80,0
78,0
78,0
74,0
74,0
74,0
74,0
74,0
73,0
54,0
53,0
51,0
51,0
50,0
47,0
43,0
43,0
20,0
18,0
17,0
16,0
16,0
12,0
71,0
71,0
27,1
3,0
84,0
44,0
62,0
75,0
72,0
38,0
36,0
27,0
27,0
27,0
23,0
18,0
59,0
17,0
12,0
81,0
61,0
43,0
33,0
33,0
87,0
80,0
79,0
65,0
64,0
40,0
35,0
34,0
32,0
32,0
25,0
78,0
86,0
80,0
72,0
71,0
64,0
62,0
61,0
54,0
48,0
47,0
47,0
36,0
22,0
75,0
73,0
57,0
25,0
23,0
15,0
3,0
84,0
26,0
64,0
29,0
19,0
2,0
78,0
63,0
48,0
8,0
85,0
79,0
79,0
73,0
59,0
38,0
38,0
38,1
4,0
4,0
4,0
71,0
70,0
70,0
68,0
66,0
65,0
63,0
51,0
51,0
50,0
40,0
15,0
12,0
9,0
5,0
4,0
4,0
0,0
61,1
54,0
84,0
84,1
78,0
70,0
70,0
70,0
55,0
41,0
31,0
30,0
25,0
6,0
20,0
83,0
81,0
56,0
28,0
18,0
37,0
27,0
1,0
1,0
76,0
44,0
80,0
38,0
84,0
55,0
46,0
85,0
62,0
87,0
25,0
88,0
82,0
82,0
60,0
39,0
24,0
11,0
10,0
9,0
4,0
4,0
85,0
85,0
67,0
7,0
82,0
24,0
14,0
4,0
3,0
3,0
73,0
85,0
68,0
64,0
54,0
39,0
35,0
25,0
15,0
13,0
13,0
11,0
6,0
4,0
84,0
66,0
61,0
54,0
54,0
48,0
30,0
21,0
20,0
87,0
84,0
68,0
59,0
19,0
7,0
