86,0
86,0
82,0
74,0
48,0
42,0
40,0
68,0
63,0
59,0
55,0
50,0
31,0
28,0
28,1
77,0
76,0
47,0
47,0
22,0
12,0
12,0
8,1
32,0
54,0
53,0
44,0
34,0
33,0
17,0
13,0
2,0
0,0
82,0
76,0
76,1
61,0
54,0
47,0
14,0
82,0
80,0
3,0
22,0
85,0
61,0
60,0
12,0
12,0
77,0
71,0
28,0
16,0
57,1
82,0
49,0
65,0
32,0
28,0
25,0
84,0
79,0
75,0
66,0
66,0
61,0
55,0
54,0
54,0
54,0
54,0
54,0
53,0
49,0
49,0
46,0
45,0
43,0
41,0
34,0
10,0
10,0
4,0
49,1
2,0
69,0
18,0
36,0
6,0
78,0
75,0
47,0
33,0
27,0
21,0
81,0
80,1
75,0
71,0
66,0
85,0
83,0
52,0
76,0
66,0
52,0
44,0
38,0
37,0
36,0
34,0
28,0
27,0
26,0
26,0
24,0
3,0
75,0
72,0
70,0
3,0
79,0
16,0
12,0
1,0
0,0
51,0
13,0
58,0
84,0
58,0
83,0
79,0
83,0
81,0
80,0
80,0
80,0
78,0
77,0
75,0
62,0
54,0
48,0
44,0
43,0
41,0
40,0
38,0
26,0
2,0
89,0
3,0
7,0
30,0
34,0
20,0
19,1
19,0
4,0
26,0
11,0
60,0
25,0
80,0
75,0
69,0
87,0
87,0
81,0
79,0
71,0
65,0
60,0
25,0
14,0
7,0
82,0
79,0
75,0
83,0
0,0
90,0
86,0
86,0
23,0
23,0
19,0
16,0
12,0
79,0
22,0
83,0
57,0
46,0
41,0
37,0
35,0
31,0
15,0
12,0
5,0
37,0
27,0
16,0
23,0
89,0
88,0
81,0
25,1
81,0
20,0
20,0
13,0
78,0
88,0
87,0
77,0
64,0
40,0
17,0
20,0
63,0
62,0
51,0
72,0
44,0
44,0
21,0
14,0
74,0
32,0
26,0
21,0
20,0
18,0
18,0
16,0
10,0
10,1
75,1
74,1
19,0
40,0
77,0
48,0
45,0
76,0
19,1
20,0
34,0
34,0
76,0
56,0
45,0
45,0
37,0
37,0
37,0
34,0
30,0
13,0
5,0
69,0
45,0
37,0
2,0
70,0
35,0
79,0
62,0
38,0
17,0
26,0
26,0
86,0
0,0
62,0
56,0
30,0
4,0
82,0
14,0
14,0
11,0
11,0
