113,0
166,0
164,0
164,0
91,0
83,1
151,0
137,0
87,0
84,0
83,0
82,0
90,0
154,0
79,0
92,0
123,0
123,0
88,0
87,0
156,0
151,0
148,0
144,0
144,0
128,0
122,0
114,0
101,0
98,0
84,0
145,0
102,0
78,0
137,1
152,0
167,1
121,0
166,0
161,0
161,0
154,0
152,0
152,0
145,0
84,0
83,0
92,0
93,0
125,0
84,0
128,0
165,0
135,0
83,0
88,0
80,0
97,0
120,0
132,0
126,0
121,0
87,0
87,0
86,0
86,0
88,0
85,0
165,0
103,0
130,0
98,0
124,0
82,0
80,0
146,1
144,0
127,0
124,0
116,0
102,0
90,0
90,0
85,0
142,0
161,0
134,0
84,0
122,0
86,0
86,0
131,0
83,0
89,0
88,0
87,0
85,0
92,0
82,0
132,0
84,0
92,1
93,0
82,0
160,0
88,0
108,0
108,0
92,0
90,0
144,0
161,0
147,0
165,0
98,0
86,0
89,0
89,0
79,0
92,0
88,0
81,0
134,0
81,0
88,0
89,0
112,0
83,0
139,0
96,0
89,1
144,0
140,0
102,0
92,0
91,0
87,0
87,0
