83,0
75,0
76,0
4,0
88,0
88,0
86,0
63,0
52,0
3,0
3,0
85,0
85,0
37,0
60,0
9,0
89,0
83,0
76,0
71,0
71,0
69,0
38,0
25,0
19,0
35,0
89,0
73,0
60,0
24,0
21,0
16,0
13,0
8,0
44,0
86,0
76,1
53,0
53,0
53,0
51,0
23,0
20,0
88,0
63,0
63,0
61,0
57,0
55,0
19,0
86,0
71,0
65,0
65,0
32,0
0,0
76,0
10,0
64,0
49,0
37,0
37,0
36,0
10,0
60,0
40,0
71,0
78,0
53,0
0,0
86,0
76,0
76,0
49,0
19,0
3,0
77,0
42,0
38,0
35,0
34,0
28,0
47,0
66,0
57,0
41,0
41,0
40,0
40,0
39,0
37,0
13,0
13,0
8,0
8,0
15,0
62,0
88,0
86,0
85,0
82,0
76,0
75,0
71,0
69,0
67,0
67,0
67,1
67,1
66,0
66,0
59,0
58,0
57,0
56,0
49,0
49,0
49,0
48,0
45,0
39,0
37,0
37,0
35,0
34,0
34,0
34,0
34,0
34,0
34,0
33,1
33,0
29,0
25,0
19,0
19,0
16,0
13,0
13,0
13,0
11,0
9,0
4,0
3,0
3,0
3,0
78,0
77,0
8,0
87,0
89,0
78,0
59,0
49,0
55,0
85,0
85,0
85,0
81,0
81,0
64,0
60,0
60,0
59,0
59,0
58,1
54,0
54,0
54,0
51,0
43,0
42,0
42,0
42,0
42,0
42,0
42,0
42,0
42,0
39,0
38,0
38,0
37,0
37,0
37,0
32,0
29,0
28,0
28,0
27,0
27,0
27,0
27,0
27,0
27,0
27,0
27,0
26,0
26,0
25,0
25,0
25,0
25,0
24,0
24,0
22,0
20,0
20,0
20,0
20,0
20,0
20,1
20,0
18,0
16,0
15,0
15,0
14,0
14,0
14,0
13,0
13,0
13,0
9,0
9,0
5,0
5,0
4,0
2,0
2,0
1,0
1,0
1,0
0,0
0,0
0,0
0,0
0,0
85,0
23,0
17,0
46,0
10,0
13,0
50,0
47,0
1,0
10,0
68,0
64,0
62,0
62,0
3,0
65,0
43,0
42,0
65,0
28,0
86,0
36,0
32,0
31,0
66,0
66,0
54,0
89,0
73,0
49,0
34,0
16,1
82,1
54,0
15,0
10,0
77,0
15,0
30,0
82,1
0,0
84,0
81,0
75,1
85,0
64,0
44,0
2,0
41,0
41,0
41,0
35,1
68,0
82,1
81,0
72,0
80,0
80,0
88,0
80,0
48,0
23,0
19,0
11,0
0,0
47,0
17,0
78,1
46,0
43,0
30,0
30,0
10,0
79,0
45,0
45,0
82,0
75,0
22,0
22,0
22,0
22,0
22,0
21,0
14,0
11,0
8,0
3,0
3,0
16,1
78,0
34,0
85,0
70,0
74,0
71,0
88,0
34,0
76,0
76,0
67,0
48,0
48,0
46,0
36,0
36,0
34,0
9,0
2,0
45,0
79,1
79,0
48,0
48,0
46,0
82,0
78,0
75,0
28,0
23,0
21,0
21,0
20,0
19,0
15,0
10,0
10,0
4,0
4,0
29,0
13,0
76,1
1,0
30,0
30,0
29,0
23,0
59,0
54,0
48,0
27,0
6,0
6,0
56,0
16,0
9,0
51,0
66,0
61,0
76,0
76,0
57,0
44,0
29,0
29,0
29,0
86,0
86,0
5,0
50,0
83,0
75,0
41,0
54,0
88,0
84,0
84,0
68,0
51,0
29,0
58,0
78,0
78,0
76,0
52,0
48,0
48,1
48,0
44,0
39,0
16,0
16,0
66,0
66,0
64,1
42,0
37,0
33,0
75,0
55,0
37,0
35,0
25,0
77,0
21,0
73,0
47,0
47,0
44,0
32,0
10,0
10,0
10,0
10,0
10,1
1,0
74,0
69,0
65,0
54,0
7,0
6,1
65,0
23,0
20,0
15,0
5,0
5,0
16,0
12,0
12,0
12,0
61,0
57,1
44,0
41,0
41,0
31,0
11,0
11,0
3,0
78,0
64,0
39,0
81,0
