45,0
45,0
87,0
22,0
67,0
52,0
45,0
18,0
67,0
62,0
73,0
67,0
69,0
64,0
55,0
44,0
44,0
39,0
21,0
0,0
15,0
73,0
53,0
30,0
37,0
31,0
6,0
5,0
76,0
20,0
38,0
77,0
7,0
5,0
83,0
62,0
42,0
25,0
21,0
4,0
3,0
3,0
3,0
88,0
76,0
61,0
15,1
15,0
15,1
81,0
75,0
56,0
43,0
42,0
32,0
29,0
14,0
13,0
76,0
78,0
55,0
55,0
28,0
28,0
51,0
89,0
86,0
86,0
85,0
84,0
84,0
78,0
77,0
73,0
70,0
69,0
69,0
69,0
66,0
63,0
62,0
62,0
62,0
59,0
44,0
43,0
41,0
40,0
39,0
33,0
75,0
68,0
63,0
54,0
43,0
41,0
40,0
38,0
31,0
29,0
23,0
23,0
23,0
11,0
2,0
72,0
57,0
46,0
31,0
13,0
67,0
33,0
85,0
79,0
16,0
16,0
87,0
78,0
5,0
76,0
79,0
11,0
84,0
73,0
68,0
50,0
21,0
85,0
56,0
36,0
2,0
85,0
85,0
80,0
41,0
39,0
45,0
6,0
65,0
22,0
80,0
44,0
14,0
88,0
75,0
21,0
5,0
89,0
30,0
52,0
49,0
45,0
68,0
44,0
41,0
26,0
15,0
3,0
21,0
89,0
50,0
26,0
14,0
2,0
84,0
84,0
87,0
87,0
71,0
70,0
70,0
63,0
43,0
43,0
42,0
42,0
20,0
15,0
2,0
42,0
15,0
22,0
75,0
7,0
7,0
6,0
6,0
4,0
69,0
42,0
38,0
85,0
44,1
72,0
25,0
7,0
85,0
41,0
38,0
14,0
14,0
13,0
0,0
63,0
57,0
41,0
38,0
48,0
34,0
88,0
52,0
23,0
5,0
3,0
77,0
55,0
10,0
62,0
40,0
19,0
68,0
70,0
42,0
67,0
5,0
1,0
87,0
79,0
62,0
48,0
15,0
7,0
47,0
88,0
81,0
55,0
47,0
42,0
77,0
51,0
19,0
