72,0
23,0
44,0
64,0
88,0
87,0
32,0
27,0
2,0
86,0
77,0
74,1
53,0
32,0
83,0
83,0
39,0
31,0
29,0
24,0
22,0
15,0
11,0
13,0
83,0
80,0
54,0
49,0
49,0
49,0
47,0
41,0
40,0
21,0
19,0
19,0
16,0
15,0
3,0
49,0
33,0
33,0
90,0
90,0
75,0
58,0
22,0
49,0
40,0
27,0
43,0
21,0
84,0
66,0
32,0
36,0
36,0
32,0
22,0
6,0
4,0
51,0
71,0
67,1
23,0
21,0
18,0
67,0
39,0
35,0
8,0
2,0
15,0
57,0
38,0
34,0
29,0
29,0
15,0
6,0
83,0
41,0
31,0
39,0
10,1
10,0
0,0
70,0
70,0
63,0
63,0
57,0
55,0
55,0
45,0
43,0
43,0
42,0
42,0
40,0
40,0
39,0
36,0
34,0
31,0
26,0
26,0
25,0
25,1
21,0
21,0
21,0
21,0
21,0
20,0
18,0
16,0
12,0
12,0
11,0
8,0
1,0
73,0
6,0
61,0
31,0
31,0
82,0
82,0
82,0
79,0
77,0
74,0
72,0
71,0
71,0
70,0
69,0
69,1
66,0
61,0
59,0
53,0
42,0
42,0
42,0
39,0
39,0
36,0
35,0
29,0
29,0
13,0
2,0
1,0
1,0
