62,0
89,0
7,0
80,0
86,0
46,0
27,0
82,0
68,0
65,0
52,0
52,0
31,0
31,0
29,0
16,0
10,0
10,0
4,0
1,0
22,0
56,0
6,0
85,0
59,0
33,0
0,0
80,0
72,0
22,0
16,0
16,0
15,0
14,0
12,0
4,0
78,1
78,0
78,1
75,1
82,0
70,1
18,0
5,0
79,0
79,0
58,0
51,0
47,0
47,0
27,0
27,1
9,0
9,0
79,0
79,1
43,0
39,1
34,0
18,0
77,0
31,0
24,0
24,1
18,0
52,0
15,0
11,0
22,0
86,1
23,0
75,0
31,0
68,0
35,0
31,0
29,0
28,0
19,0
79,1
38,0
10,0
10,0
34,0
3,0
16,0
32,0
5,0
57,0
52,0
22,0
88,0
82,1
32,0
55,0
47,0
80,1
59,0
58,0
14,1
72,0
61,0
38,0
25,0
14,0
63,0
61,0
59,0
48,0
46,0
37,0
35,0
27,0
23,0
17,0
16,0
14,0
14,0
12,0
71,0
79,0
8,0
9,0
58,0
47,0
32,0
29,0
14,0
83,0
79,0
29,0
24,0
