48,0
19,0
85,0
53,1
23,1
72,0
65,0
53,0
53,0
53,0
38,0
38,0
2,0
57,0
36,0
36,0
4,0
87,0
14,0
59,0
37,0
85,0
37,0
22,0
22,0
21,0
89,0
89,0
85,0
83,0
82,0
81,0
80,0
78,0
78,0
71,0
70,0
68,0
68,0
61,0
57,0
55,0
54,0
52,0
52,0
48,0
48,0
44,0
43,0
40,0
38,0
19,0
75,0
64,0
27,0
80,0
77,0
73,0
61,0
60,0
39,0
3,0
35,0
19,0
67,0
52,0
35,0
28,0
19,0
7,0
88,0
62,0
38,0
37,0
4,0
83,0
37,0
4,0
46,0
46,0
77,0
73,0
48,0
19,0
89,0
44,0
79,0
74,0
61,0
57,0
55,0
79,0
43,0
6,0
62,0
60,0
29,0
6,0
48,0
55,0
19,0
73,0
63,0
57,0
22,0
7,0
75,0
18,0
