89,0
87,0
87,1
83,1
81,0
78,0
78,0
70,0
50,0
25,0
8,0
43,0
35,0
25,0
85,0
79,0
77,0
52,0
49,0
46,0
44,0
42,0
42,0
37,0
33,0
29,0
83,0
83,0
83,0
33,0
31,0
70,0
68,0
58,0
56,0
56,0
54,0
54,0
54,0
38,0
37,0
37,0
37,0
25,0
20,0
15,0
13,0
8,0
2,0
74,0
58,0
45,1
31,0
86,1
85,0
85,0
85,0
79,0
79,0
71,0
71,0
30,0
24,0
16,0
60,0
44,0
88,0
87,0
87,0
81,0
77,0
77,0
76,0
69,0
61,0
59,0
59,0
54,0
54,0
41,0
31,0
31,0
54,0
59,0
59,1
17,0
83,0
19,0
77,0
47,0
68,0
34,0
80,0
41,0
38,0
21,0
84,0
65,0
50,0
37,0
22,0
62,0
62,0
31,0
4,0
34,0
71,0
66,0
52,0
52,0
50,0
10,0
7,0
7,0
2,0
87,0
85,0
85,0
82,0
82,0
82,0
75,0
70,0
70,0
66,0
62,0
61,0
56,0
56,0
55,0
55,0
54,0
53,0
51,0
51,0
47,0
47,0
46,0
41,0
30,0
29,0
26,0
26,0
22,0
21,0
3,0
84,0
68,0
68,0
68,0
66,0
42,0
30,0
25,0
25,0
84,0
48,0
39,0
34,0
17,0
2,0
90,0
88,1
87,0
86,0
74,0
71,0
71,0
49,0
44,0
32,0
26,1
89,0
87,0
85,0
81,0
81,0
68,0
66,0
66,0
65,0
65,1
63,0
55,0
55,0
53,0
35,0
34,0
28,0
23,0
21,1
8,0
2,0
2,0
83,0
82,0
30,0
29,0
29,0
29,0
29,0
17,0
16,0
15,0
14,0
9,0
7,0
4,1
40,0
40,0
39,0
39,0
39,0
26,0
20,0
20,0
20,0
19,0
18,0
14,1
8,0
8,0
1,0
49,1
81,0
86,0
41,0
31,0
68,0
29,0
70,0
88,0
86,0
84,0
75,0
58,0
53,0
51,0
46,0
29,0
21,0
21,0
21,0
17,0
9,0
90,0
82,1
77,1
77,1
60,0
48,0
45,0
0,0
66,1
66,1
66,1
66,0
53,0
47,0
31,0
16,0
8,0
46,0
87,0
78,0
76,0
75,0
62,0
59,0
53,0
51,0
47,0
47,0
38,0
29,0
24,0
20,1
18,0
16,0
16,0
10,0
8,0
7,0
4,0
4,0
4,0
2,0
2,0
55,0
52,0
85,0
40,0
89,0
83,0
65,0
65,0
46,0
43,1
38,0
31,0
21,0
84,0
29,0
90,1
90,0
90,1
90,1
81,0
58,0
50,0
50,0
40,0
0,0
81,0
41,0
29,0
23,0
22,0
17,0
17,0
17,0
15,0
44,0
62,0
50,1
50,0
38,0
25,0
22,0
56,0
50,0
73,0
77,0
75,0
59,0
49,0
71,0
5,0
84,0
2,0
86,1
27,0
90,0
90,0
68,0
64,0
17,0
8,0
4,1
2,0
1,0
89,0
89,0
88,1
88,0
87,0
87,0
87,0
87,0
84,0
83,0
83,0
82,0
82,0
81,0
81,0
80,0
80,0
80,0
80,0
80,0
77,0
76,0
76,0
76,0
75,0
75,0
75,0
74,0
74,0
74,0
74,0
74,0
73,0
73,0
72,0
72,0
71,0
69,0
69,0
69,0
66,0
65,0
65,0
63,0
63,0
63,0
61,0
60,0
60,0
57,0
57,0
56,0
56,0
56,0
56,0
56,0
55,0
55,0
51,0
51,0
51,0
50,0
50,0
50,0
50,0
50,0
49,0
49,0
48,0
48,0
48,0
48,0
47,0
47,0
47,0
46,0
46,0
46,0
45,0
45,0
44,0
43,0
43,0
43,0
42,0
42,0
42,0
41,0
41,0
40,0
40,0
40,0
40,0
40,0
39,0
39,0
39,0
38,0
38,0
37,0
36,0
35,0
35,0
35,0
35,0
35,0
35,0
34,0
34,0
34,0
34,0
34,0
34,0
33,1
33,0
33,0
33,0
33,0
33,0
32,0
32,0
32,0
31,0
30,0
30,0
30,0
29,0
28,0
28,0
28,0
27,0
26,0
26,0
26,0
26,0
26,0
25,0
25,0
24,0
23,0
23,0
23,0
22,0
22,0
21,0
21,0
20,0
19,0
18,0
18,0
17,0
17,0
17,0
16,0
16,0
16,0
16,0
15,0
15,0
15,0
14,0
13,0
13,0
13,0
6,0
6,0
6,0
5,0
0,0
16,0
4,0
1,0
35,0
28,1
28,0
31,0
20,0
70,0
58,0
21,0
88,0
73,0
44,0
40,0
33,0
33,0
22,0
16,0
16,0
53,0
46,0
45,0
44,0
40,0
29,0
29,0
29,0
27,0
23,1
20,0
71,0
15,0
89,0
89,0
89,0
78,0
71,0
65,0
65,0
57,0
37,0
36,0
22,0
22,0
19,0
2,0
3,0
45,0
90,0
90,0
74,0
73,0
13,1
90,0
64,0
61,0
24,0
81,0
23,0
18,0
18,0
17,1
75,0
65,0
64,0
58,1
24,0
22,0
22,0
16,0
1,0
31,0
30,0
82,0
50,0
42,0
22,0
18,0
15,0
15,0
11,0
9,0
9,0
8,0
7,0
76,0
39,0
58,0
56,0
56,0
44,0
40,0
30,0
64,0
81,0
73,0
43,0
38,0
27,0
27,0
9,0
90,0
89,0
87,0
87,0
85,0
82,0
82,0
80,0
76,0
76,0
75,0
74,0
71,0
71,0
68,0
68,0
66,0
65,0
65,0
59,0
58,0
58,0
56,0
55,0
51,0
90,0
50,0
12,0
4,0
82,0
76,0
60,0
59,0
10,0
10,0
6,0
6,1
43,0
31,0
25,0
54,0
32,0
73,0
53,0
12,0
63,1
84,0
84,0
84,0
57,0
56,0
37,0
16,0
79,0
71,0
71,0
67,0
65,0
62,0
61,0
61,0
60,0
48,1
44,0
44,0
44,1
31,0
29,0
21,0
21,0
16,0
9,0
7,0
51,0
49,0
29,0
12,0
0,0
77,0
2,0
88,0
73,0
61,0
61,0
51,0
43,0
39,0
30,0
23,0
11,0
9,0
90,0
80,0
78,0
51,0
1,0
59,0
51,0
45,0
16,1
5,0
88,0
68,0
27,0
83,0
83,0
65,0
24,0
24,1
24,0
22,0
10,0
84,0
78,0
78,0
76,0
76,0
75,0
75,0
75,0
75,0
41,0
38,0
35,0
33,0
28,0
20,0
19,0
83,0
1,0
1,0
1,0
84,0
82,0
76,0
76,0
76,0
71,0
56,0
50,0
47,0
44,0
38,0
37,0
21,0
69,0
25,0
19,0
77,0
15,0
85,0
73,0
70,0
59,0
57,0
50,0
34,0
21,0
21,0
17,0
14,0
14,0
9,0
2,0
85,0
75,0
61,0
22,0
90,0
84,0
81,0
80,0
79,0
78,0
64,0
39,0
90,0
90,0
90,0
90,0
86,1
86,0
36,0
19,1
90,0
90,0
88,0
82,0
73,0
65,0
64,0
64,0
64,0
59,0
57,0
52,0
48,0
45,0
40,0
33,0
22,0
78,0
77,0
58,0
19,1
4,0
2,0
1,0
84,0
38,0
8,0
86,0
89,0
76,0
67,0
57,0
26,0
21,1
7,0
81,0
69,0
51,0
13,0
9,0
7,0
40,0
40,0
48,0
71,0
5,0
86,0
68,0
56,0
56,0
56,0
26,0
25,0
22,0
84,0
78,0
55,0
37,0
15,0
1,0
86,1
68,0
62,0
24,0
24,0
65,0
52,0
11,0
11,0
89,0
87,0
81,0
78,0
78,0
75,0
65,0
56,0
56,0
55,0
46,0
41,1
40,1
37,0
37,1
35,0
34,0
23,0
20,0
18,0
17,0
14,0
14,0
13,0
12,0
63,0
59,0
45,0
7,0
67,0
6,0
2,0
65,0
61,0
55,0
55,0
10,0
13,0
23,0
30,0
9,0
54,0
12,0
1,0
71,0
1,0
13,0
2,0
79,0
70,0
44,0
25,0
2,0
0,0
19,1
15,0
85,0
85,0
85,0
84,0
84,0
84,0
79,0
79,0
77,0
77,0
76,0
73,0
70,0
69,0
68,0
64,0
63,0
63,0
61,0
59,0
55,0
54,0
50,0
41,0
40,0
39,0
39,0
39,0
38,0
29,0
28,0
17,0
14,0
13,0
11,0
1,0
1,0
59,0
59,1
45,0
33,0
29,0
47,0
31,0
9,0
9,0
8,0
7,0
0,0
0,0
72,0
43,0
75,0
74,0
62,0
29,0
1,0
76,0
17,0
79,0
71,0
37,0
69,0
1,0
16,0
29,0
28,0
21,0
86,0
52,0
18,0
67,0
59,0
75,0
62,0
57,1
57,1
46,0
46,0
16,0
4,1
37,0
37,0
74,0
34,0
14,0
37,0
37,1
1,0
49,0
6,0
5,0
5,0
86,0
80,0
80,0
80,0
78,0
78,0
77,0
77,0
77,0
76,0
75,0
53,0
50,1
49,0
45,0
39,0
28,0
26,0
24,0
22,0
5,0
3,0
23,0
81,0
75,0
86,0
76,0
72,0
68,1
61,0
58,0
30,0
24,0
11,0
6,0
62,1
84,0
90,0
37,0
39,0
39,0
35,0
34,0
0,0
22,0
20,0
73,0
4,0
84,0
78,0
76,0
73,0
56,0
44,0
36,0
34,0
11,0
11,0
3,0
56,0
54,0
22,0
11,0
79,0
66,0
54,0
42,0
18,0
76,0
51,0
49,0
45,0
79,0
76,0
59,0
51,0
48,1
46,0
44,1
40,0
21,0
11,0
6,0
90,1
90,0
84,0
77,0
66,0
37,0
37,0
31,0
17,0
