38,0
11,0
71,0
55,0
45,0
20,0
28,0
71,0
65,0
64,0
18,0
39,0
0,0
39,0
39,0
34,0
4,0
21,0
66,0
73,1
67,0
46,0
38,0
25,0
14,0
9,0
18,0
9,0
9,0
62,1
23,0
58,0
53,0
4,0
0,0
51,0
51,0
3,0
3,0
65,0
64,0
11,0
9,0
49,0
48,0
60,0
58,0
58,0
22,0
51,0
41,0
1,1
46,0
89,0
87,0
56,0
56,0
29,0
20,0
18,0
18,0
88,0
83,0
78,0
53,0
25,0
25,0
22,0
21,0
66,0
40,0
9,0
9,0
5,0
4,0
3,0
76,0
21,0
9,0
56,0
32,0
57,0
54,0
52,0
16,0
16,1
16,1
23,0
23,0
12,0
7,0
82,0
81,1
74,0
73,0
67,0
63,0
56,0
54,0
49,0
49,0
13,0
16,0
77,0
4,0
11,0
70,0
67,0
67,0
58,0
42,0
24,0
8,0
21,0
6,0
58,0
67,0
9,0
18,0
24,0
18,0
27,0
25,0
24,0
24,0
22,0
19,0
18,0
7,0
67,0
21,0
11,0
8,0
14,0
11,0
73,0
57,0
45,0
38,0
31,0
29,0
24,0
8,0
4,0
3,0
2,0
68,0
22,0
22,0
17,0
15,0
3,0
84,0
48,0
68,0
73,0
71,0
65,0
72,0
65,0
21,0
21,0
8,1
19,0
58,0
87,0
87,0
88,0
8,1
24,0
26,0
26,0
71,0
25,0
20,0
19,0
18,0
24,0
65,0
65,0
89,0
89,0
89,1
89,0
3,0
26,0
0,0
30,0
69,0
43,0
10,0
31,0
30,0
30,0
30,0
13,0
24,0
9,0
25,0
22,0
18,0
69,0
62,0
43,0
27,1
25,0
61,0
61,0
61,0
55,0
31,0
65,0
9,1
74,0
64,0
43,0
32,0
22,0
28,0
25,0
25,0
18,0
16,0
74,0
89,0
83,0
78,0
66,0
56,0
24,0
19,0
18,0
83,0
11,0
25,0
21,0
15,0
76,0
65,0
35,0
38,1
45,0
29,0
75,0
67,1
4,0
40,0
86,0
76,0
3,0
77,0
76,0
66,0
51,0
45,0
29,0
