87,0
55,0
17,0
14,0
3,0
3,0
80,0
74,0
74,0
51,0
46,0
85,0
62,0
61,0
37,0
21,0
15,0
87,0
81,0
65,0
64,0
64,0
56,0
22,0
16,0
16,0
1,0
65,0
47,0
47,0
22,0
22,0
10,0
51,0
63,0
36,0
87,0
48,0
34,0
34,0
13,0
10,0
10,0
10,0
8,0
8,0
1,0
36,0
27,0
18,0
17,0
8,0
25,0
21,0
76,0
71,0
63,0
18,0
72,0
72,0
50,0
45,0
45,0
38,1
18,0
36,0
28,0
21,0
72,0
70,0
55,0
30,0
56,0
37,1
2,0
90,1
81,0
67,0
24,0
21,0
89,0
82,0
75,0
21,0
20,0
11,0
11,0
4,0
81,1
81,1
58,0
29,0
84,0
79,0
77,0
72,0
59,0
51,0
50,0
49,0
49,0
39,0
39,0
11,0
76,0
31,0
16,0
88,0
85,0
89,0
89,0
88,1
65,0
63,0
89,0
82,0
55,0
37,0
6,1
48,0
0,0
71,0
44,0
64,0
89,0
88,0
51,0
89,0
50,0
17,0
90,0
89,0
81,0
80,1
67,0
67,0
60,0
55,0
55,0
55,0
50,1
46,0
39,0
39,0
39,0
38,0
35,0
32,0
32,0
32,0
28,0
25,0
25,0
25,0
23,1
23,0
22,1
20,0
18,0
18,0
17,0
16,0
16,0
14,0
12,0
11,1
9,0
6,0
4,0
4,0
4,0
3,0
1,0
1,0
0,0
0,0
0,0
0,0
0,0
55,0
52,0
48,0
85,0
77,0
75,0
74,0
74,0
74,1
73,0
72,0
66,0
66,0
49,0
20,0
20,1
15,0
3,0
40,0
14,0
68,0
60,0
57,0
56,0
56,0
52,0
50,0
50,0
50,0
44,0
38,0
27,0
33,0
57,0
59,0
51,0
62,1
38,0
22,0
10,0
53,0
19,0
89,0
88,0
88,0
72,0
70,0
60,0
71,0
65,0
65,0
63,0
28,0
26,0
4,0
32,0
16,0
74,0
49,0
34,0
4,0
71,1
28,0
28,0
90,1
84,0
84,0
63,0
62,0
56,0
4,0
1,0
10,0
16,1
10,1
8,1
54,0
80,0
80,0
70,0
70,0
3,0
70,0
2,0
81,0
81,0
80,0
80,0
78,0
78,0
77,0
73,0
72,0
72,0
69,0
59,0
59,0
50,0
47,0
46,0
46,0
42,0
41,0
39,0
38,0
31,0
31,0
28,0
26,0
25,0
20,0
18,0
17,0
17,0
15,0
15,0
14,0
12,0
11,0
3,0
1,0
0,0
38,0
61,0
60,0
55,0
52,0
43,0
39,0
15,0
90,0
75,0
41,0
89,0
65,0
48,0
37,0
21,0
71,0
64,0
57,1
52,0
50,0
50,0
38,0
38,0
38,0
34,0
27,0
26,0
25,0
22,0
19,0
18,0
15,0
15,0
13,0
12,0
5,0
68,0
13,0
0,0
53,0
84,0
76,0
48,0
47,0
38,0
38,1
35,0
62,1
16,0
31,0
