88,0
58,0
77,0
83,0
81,0
77,0
76,0
69,0
68,0
67,0
62,0
51,0
49,0
48,0
47,0
46,0
46,0
41,0
40,0
39,0
34,1
26,0
26,0
60,0
83,0
82,0
72,0
57,0
57,0
53,0
53,0
50,0
34,0
83,0
83,0
77,0
77,1
64,1
50,0
50,0
50,0
49,0
19,0
14,0
11,0
46,0
71,0
71,0
75,0
68,0
64,0
18,0
11,0
85,0
87,0
82,0
89,0
80,0
31,0
89,0
42,1
34,0
25,0
24,0
76,0
33,0
15,0
87,0
14,0
21,0
86,0
34,0
33,0
85,0
84,0
81,0
51,0
51,0
87,0
77,1
62,1
20,1
84,0
48,0
48,0
48,0
48,0
7,0
42,0
72,0
46,0
62,0
32,0
26,0
4,0
88,0
82,0
29,0
39,0
28,0
6,0
51,0
38,0
