65,0
65,0
26,0
10,0
88,0
73,0
61,0
57,0
36,1
23,0
82,0
80,0
80,0
66,0
64,0
62,0
58,0
57,0
56,0
47,0
41,0
34,0
28,0
28,0
28,0
28,0
28,0
26,0
25,0
25,0
24,0
20,0
20,0
20,0
20,0
16,0
15,0
15,0
6,0
5,0
42,0
19,0
46,0
42,0
88,0
86,0
57,0
41,0
34,0
27,0
1,0
1,0
10,0
77,0
49,0
23,0
23,0
23,0
23,0
21,0
21,0
21,0
16,0
13,0
12,0
9,0
7,0
7,0
76,0
35,0
25,0
9,0
73,0
89,0
78,0
62,0
83,0
84,0
84,0
84,0
80,0
77,0
74,0
61,0
60,0
42,0
40,0
40,0
40,0
38,0
38,0
33,0
33,0
28,0
6,0
3,0
76,0
68,0
61,0
44,0
44,1
61,0
15,0
1,0
1,0
43,0
4,0
54,0
4,0
89,0
78,0
75,0
58,0
57,0
50,0
43,0
43,0
29,0
26,0
9,0
7,0
82,0
55,0
43,0
5,0
87,0
1,0
53,0
46,0
78,0
63,0
62,0
62,0
58,0
56,0
56,0
34,0
34,0
84,0
70,0
57,0
50,0
43,0
38,0
31,0
30,0
29,0
27,0
27,0
67,0
46,0
55,0
47,0
41,0
28,0
21,0
21,0
11,0
62,0
61,0
54,0
44,0
44,0
89,0
65,0
16,0
16,0
6,0
2,0
88,0
88,0
85,0
79,0
75,0
67,0
64,0
64,0
62,0
62,0
58,0
50,0
49,0
40,0
37,0
33,0
83,0
80,0
73,0
69,0
60,0
60,0
42,0
81,0
67,0
64,0
63,0
62,0
40,0
36,0
26,0
10,0
9,0
56,1
