68,0
64,0
62,0
60,0
60,0
60,0
59,0
58,0
51,0
14,0
12,0
11,0
2,0
3,0
68,0
70,0
38,1
30,0
80,0
80,0
22,0
60,0
46,0
46,0
81,0
65,1
63,0
14,0
12,0
12,0
35,0
41,0
87,1
82,0
80,0
73,0
73,0
63,0
59,0
47,0
36,0
36,0
30,0
26,0
9,0
6,0
15,0
17,0
5,0
2,0
74,0
25,0
76,0
1,0
44,0
44,0
61,0
2,0
9,0
62,0
49,1
65,0
47,1
34,0
30,0
71,0
68,0
67,0
67,0
63,0
60,0
40,0
27,1
17,0
17,0
2,0
55,0
89,0
86,0
52,0
52,0
52,0
2,0
32,0
79,0
43,0
45,0
29,0
3,0
79,0
78,0
88,0
88,0
72,0
5,0
57,0
17,0
88,0
66,0
65,0
58,0
44,0
2,0
13,0
4,0
89,0
35,0
35,0
46,0
20,0
20,0
74,0
85,0
85,0
83,0
48,0
47,1
37,0
24,0
14,0
12,0
6,0
32,0
24,0
82,0
60,0
84,0
79,0
54,0
82,0
77,0
83,0
42,0
10,0
51,0
40,0
40,0
38,0
33,0
19,0
11,0
77,0
71,0
19,0
14,0
1,0
84,0
80,0
80,0
29,0
16,0
15,0
36,0
11,1
37,0
61,0
7,0
5,0
5,0
0,0
0,0
52,0
39,0
