86,0
55,0
3,1
75,0
47,0
64,0
64,0
65,0
18,0
32,0
12,1
85,0
31,0
11,0
20,0
12,0
10,0
85,0
61,0
58,0
52,0
48,0
38,0
26,0
1,0
81,0
68,0
67,0
62,0
60,0
19,0
56,0
56,0
84,0
80,0
72,0
67,0
67,0
65,0
49,0
9,0
9,0
8,0
20,0
9,0
0,0
85,0
22,0
15,0
45,0
33,0
77,0
66,0
64,0
57,0
57,0
55,0
38,0
33,0
20,0
17,0
17,0
2,0
73,1
5,0
72,0
69,0
69,0
59,0
51,0
45,0
45,1
30,0
24,0
8,0
2,0
24,0
87,0
74,0
74,0
61,0
78,0
59,0
58,0
52,0
89,0
42,0
36,0
32,0
29,0
20,0
4,0
0,0
72,0
72,0
66,0
47,0
16,0
16,0
7,0
85,0
55,0
28,0
73,0
65,0
24,0
11,0
8,0
