72,0
67,0
81,0
72,0
59,0
57,0
51,0
42,0
17,0
17,0
6,0
15,0
86,0
74,0
57,0
55,1
50,1
50,0
39,0
27,0
20,0
13,0
13,0
12,0
36,0
87,0
73,0
67,0
53,0
52,0
50,0
31,0
0,0
71,0
45,0
45,0
33,0
70,0
1,0
39,0
37,0
30,0
2,0
36,0
4,0
19,0
18,0
86,0
75,0
47,1
53,0
10,0
10,0
81,0
50,0
30,0
11,0
11,0
10,0
8,0
3,0
28,0
79,0
88,0
88,0
87,1
69,1
46,0
76,1
52,0
45,0
39,0
39,0
38,0
14,0
14,0
12,0
0,0
11,0
35,1
34,0
30,0
18,0
14,0
11,0
10,0
10,0
10,0
58,0
30,0
41,0
89,0
17,0
86,0
85,0
80,0
79,0
2,0
53,0
25,0
11,0
10,0
65,0
19,0
11,0
54,1
44,1
44,0
18,1
18,0
18,0
7,0
2,0
1,0
0,0
83,0
32,0
66,0
37,0
37,0
32,0
7,0
18,0
71,0
52,0
49,0
49,0
47,0
42,0
33,0
30,0
76,0
26,0
4,0
44,0
5,1
79,0
32,0
27,0
27,0
24,1
82,0
12,0
