69,0
84,0
61,0
61,0
59,0
40,0
38,0
38,0
33,0
10,0
87,0
66,0
77,0
57,0
2,0
0,0
1,0
68,0
45,0
10,0
41,0
7,0
1,0
73,0
61,0
60,0
59,0
49,0
41,0
20,0
17,0
8,0
8,0
71,0
63,0
36,0
67,0
58,0
40,0
13,0
8,0
8,0
85,0
79,0
29,1
29,0
24,0
23,0
19,0
8,0
85,0
62,1
45,0
76,0
76,0
61,0
57,0
41,0
41,0
41,0
41,0
65,0
86,0
86,0
45,0
26,0
24,0
23,0
21,0
8,0
7,0
6,0
45,0
8,0
1,0
70,0
62,0
55,0
50,0
42,0
33,0
27,0
21,0
13,0
13,0
8,0
8,0
4,0
1,0
1,0
9,0
86,0
73,0
73,0
48,0
40,0
18,0
17,0
8,0
5,0
68,0
42,0
42,0
34,0
23,1
16,0
88,0
73,0
34,0
23,0
81,0
80,1
79,0
56,0
52,0
50,0
28,0
76,0
57,0
51,0
46,0
33,0
25,0
75,0
68,0
60,0
60,0
60,0
60,0
