78,0
78,0
73,0
42,0
35,0
19,0
49,0
49,0
28,0
26,1
25,0
23,0
16,0
7,0
61,0
9,0
1,0
65,0
65,0
57,0
36,0
27,0
27,0
19,0
44,0
88,0
81,0
67,1
54,0
28,0
28,0
27,0
21,0
7,1
1,0
0,0
88,0
86,0
75,0
65,0
55,0
87,0
85,0
83,0
81,0
77,0
75,0
73,0
71,0
69,0
67,0
65,0
63,0
61,0
61,0
57,0
53,0
51,0
47,0
45,0
43,0
41,0
39,0
34,0
32,0
30,0
28,0
26,0
24,0
22,0
20,0
18,0
16,0
14,0
12,0
10,0
8,0
6,0
4,0
2,0
19,0
12,0
90,0
39,0
81,0
73,0
71,0
67,0
70,0
37,0
19,0
71,0
71,0
49,0
34,0
28,0
28,0
43,0
39,0
31,0
52,0
0,0
89,0
89,0
88,0
87,0
87,0
87,0
86,0
83,0
83,0
82,0
82,0
81,0
80,0
80,0
80,0
79,0
78,0
77,0
77,0
76,0
75,0
74,0
74,0
74,0
73,0
73,0
71,0
71,0
69,0
68,0
68,0
68,0
67,0
67,0
66,0
66,0
65,0
65,0
64,0
64,0
63,0
63,0
63,0
62,0
61,0
61,0
60,0
59,0
59,0
59,0
58,0
58,0
57,0
56,0
54,0
54,0
54,0
52,0
52,0
52,0
51,0
49,0
48,0
47,0
46,0
45,0
41,0
41,1
40,0
40,0
39,0
39,0
38,0
36,0
28,0
24,0
22,0
20,0
18,0
17,0
12,0
6,0
2,0
2,0
80,0
76,0
33,0
17,0
76,0
19,0
52,0
39,0
11,0
0,0
0,0
0,0
58,0
58,0
11,0
88,0
89,0
49,0
48,0
48,0
44,0
44,0
38,0
31,0
31,0
23,0
23,1
13,0
86,0
77,0
66,0
60,0
15,0
66,0
42,0
22,0
88,0
52,0
90,0
76,0
76,0
73,0
66,0
63,0
57,0
57,0
36,0
36,0
55,0
48,0
4,0
24,0
2,0
85,0
75,0
51,0
48,0
40,0
31,0
27,0
24,0
23,0
18,0
12,0
77,0
72,0
70,0
60,0
55,0
24,0
88,0
29,0
28,0
89,0
62,0
60,0
60,0
59,0
48,0
42,0
33,0
31,0
18,0
12,0
10,0
8,0
6,0
5,0
9,0
63,0
61,0
60,0
56,0
47,0
25,0
10,1
90,0
86,0
86,0
86,0
84,0
82,1
79,0
79,0
79,0
28,0
26,0
90,0
90,0
86,0
83,0
83,0
82,0
79,0
75,0
73,0
73,0
73,0
72,1
70,0
70,0
68,0
68,1
66,0
62,0
62,0
60,0
60,0
60,0
59,0
59,1
56,1
56,0
55,0
54,0
54,0
54,0
53,0
53,0
52,0
51,0
51,0
50,0
50,1
50,0
50,0
50,0
49,0
49,0
49,0
49,0
49,0
48,0
48,0
47,1
47,0
47,0
46,0
45,0
45,0
45,0
45,0
44,0
43,1
43,0
43,0
43,0
43,0
43,0
42,0
42,0
41,0
41,0
40,0
40,1
40,0
40,0
40,0
39,0
39,0
38,1
38,0
36,0
36,0
36,0
36,0
36,0
36,0
35,0
35,0
34,0
33,1
32,0
31,1
31,0
30,0
28,0
27,0
26,0
25,0
25,0
24,0
24,0
23,0
23,0
23,0
22,0
22,0
22,0
21,0
21,0
21,0
20,0
20,0
20,0
19,0
17,0
17,0
17,0
16,0
16,0
15,0
15,0
12,0
12,0
12,0
11,0
78,0
53,0
50,0
29,0
27,0
19,0
81,0
67,0
35,0
13,0
60,0
17,0
85,0
42,0
30,0
30,0
16,0
69,0
66,0
46,0
42,0
65,0
12,0
79,0
22,0
78,0
78,0
10,0
10,0
87,0
66,0
76,0
69,0
68,0
56,0
37,0
31,0
27,0
18,0
85,0
60,0
49,0
46,0
42,0
26,0
26,0
25,0
61,0
5,0
5,1
21,0
81,0
78,0
77,0
77,0
77,1
77,0
34,0
33,0
23,0
77,0
67,0
66,0
27,0
18,0
11,0
5,0
79,0
77,0
72,0
64,0
50,0
49,0
49,0
41,0
7,0
4,0
73,0
62,1
69,0
69,0
85,0
50,0
5,0
43,0
34,1
15,0
35,0
24,0
17,0
83,0
44,0
23,0
23,0
15,0
10,0
1,0
12,0
31,0
53,0
