86,0
72,0
31,1
28,1
26,0
24,0
24,0
28,0
22,0
21,0
54,0
53,0
40,0
39,0
28,0
28,0
51,0
50,0
44,1
41,0
34,0
33,0
27,0
22,0
29,1
21,0
42,0
42,0
38,0
88,0
77,0
33,0
11,0
11,0
10,0
8,0
77,0
76,0
74,0
66,0
33,0
30,0
27,0
17,0
20,0
26,0
31,0
74,0
8,0
14,0
13,0
7,0
7,0
30,0
67,0
11,0
20,0
28,0
80,1
72,1
67,1
41,0
3,0
29,0
25,0
19,0
13,0
20,0
29,0
15,0
14,0
80,0
25,0
57,0
65,0
65,0
65,0
65,0
65,0
66,1
57,0
53,0
39,1
27,0
27,0
27,0
27,0
25,0
28,0
31,0
78,0
74,0
73,0
62,0
61,0
61,0
61,0
61,0
60,0
60,0
60,0
59,0
59,0
54,0
54,0
54,0
54,0
52,0
49,0
47,0
45,0
42,0
41,0
40,0
37,0
34,0
34,0
34,0
31,0
30,1
28,0
26,0
25,0
24,0
22,0
20,0
0,0
43,0
20,0
87,0
79,0
76,0
75,0
74,0
73,0
73,0
73,0
69,0
60,0
56,0
53,0
48,0
45,0
43,0
43,0
28,0
27,0
27,0
24,0
15,0
13,0
29,0
28,0
26,0
25,0
24,0
74,0
70,0
28,0
26,0
25,0
25,1
16,0
27,0
27,0
58,0
32,0
31,1
67,0
26,0
26,0
29,0
24,0
22,0
79,0
53,0
26,0
26,0
17,0
8,0
4,1
4,0
32,0
30,0
33,0
31,1
31,0
29,0
28,0
27,0
75,0
74,0
74,0
51,0
28,0
16,0
12,0
11,0
10,0
22,1
66,0
25,0
25,0
25,0
84,0
84,0
64,0
1,0
29,0
25,0
42,0
7,0
86,0
68,0
41,0
33,0
30,0
20,0
20,0
7,0
27,0
18,0
25,0
26,0
30,0
29,0
28,0
26,0
26,0
20,0
32,0
32,0
32,0
32,0
32,0
24,0
31,0
31,0
61,0
60,0
55,0
53,0
22,1
14,0
6,1
53,0
44,0
19,0
18,0
16,0
1,0
10,0
6,0
30,0
30,0
28,0
82,0
41,0
35,0
9,0
67,0
61,0
54,0
34,0
34,0
13,0
62,0
59,0
33,0
28,0
84,0
58,0
2,0
23,0
27,0
27,1
26,0
56,0
25,0
23,0
29,0
75,0
30,0
30,0
30,1
71,1
69,0
68,0
64,0
64,0
22,0
27,0
26,0
25,0
19,0
17,0
14,0
57,0
39,0
