87,0
84,1
58,0
52,0
45,0
41,0
34,1
26,0
20,0
18,1
65,0
62,0
60,1
52,0
52,0
51,0
51,0
26,1
17,0
16,0
16,0
16,0
12,0
87,0
52,0
89,0
84,0
83,0
83,0
82,0
81,0
81,0
81,0
81,0
80,0
80,0
79,0
75,0
72,0
67,0
66,1
54,0
48,0
35,0
26,0
17,0
17,0
16,0
8,0
5,0
74,0
66,0
10,0
69,0
12,0
1,0
78,0
74,0
67,0
48,0
46,0
17,0
16,0
16,0
14,0
10,0
7,0
15,0
83,0
83,0
66,0
48,0
27,0
26,0
26,0
18,0
7,0
15,0
13,0
3,0
2,0
17,0
27,0
16,0
47,0
11,0
20,0
14,0
12,0
10,0
11,0
65,0
49,0
36,0
8,0
10,0
87,0
80,0
79,0
79,0
78,0
59,0
39,0
36,0
32,0
22,0
17,0
16,0
14,0
13,0
12,0
5,0
0,0
2,0
2,0
1,0
1,0
30,0
11,0
76,0
56,0
51,0
44,0
14,0
10,0
4,0
3,0
54,0
44,0
42,0
42,0
41,0
24,0
71,0
44,0
34,0
17,0
10,0
81,0
37,0
37,0
88,0
61,0
74,0
29,0
9,0
87,0
87,0
80,0
78,0
75,0
74,0
73,0
73,0
70,0
62,0
50,0
44,0
44,0
39,0
39,0
39,1
37,0
33,0
31,0
0,0
33,0
33,0
33,0
53,0
27,0
55,0
3,0
