42,0
32,0
63,0
62,0
9,0
89,1
85,0
82,0
56,0
68,0
60,0
53,0
48,0
44,0
4,0
1,0
0,0
0,0
72,0
71,0
63,0
60,0
80,0
70,0
69,0
69,0
57,0
56,0
49,0
46,0
32,0
26,0
26,0
26,0
90,0
67,0
61,0
66,0
63,0
14,0
88,0
87,0
28,0
55,0
77,0
50,0
37,0
82,0
65,0
61,0
34,0
31,0
31,0
31,0
10,0
10,0
8,0
15,1
82,0
8,0
55,0
31,0
7,0
7,0
34,0
3,1
3,1
29,0
23,0
11,0
86,0
4,0
56,0
55,0
12,0
12,0
87,0
33,0
32,0
31,1
36,1
86,0
75,0
62,1
80,0
63,0
75,0
71,1
54,0
37,1
28,0
19,0
18,0
18,0
21,0
82,0
29,0
46,0
46,0
20,0
20,0
34,0
28,0
12,0
78,0
64,0
56,0
56,0
44,0
51,0
63,0
63,0
61,0
50,0
36,0
17,0
80,0
79,0
29,0
65,0
