89,0
89,0
88,0
77,0
74,0
74,0
74,0
72,0
71,0
64,0
54,0
41,0
39,0
30,1
23,0
19,0
0,0
78,0
68,0
68,0
41,0
56,0
50,0
50,1
38,0
9,0
74,0
73,0
73,0
64,1
64,0
55,0
32,0
15,0
15,0
5,0
3,0
87,0
84,0
51,0
32,0
24,0
85,0
84,0
81,0
75,0
72,0
71,0
64,0
59,0
56,0
56,0
56,0
55,0
53,0
53,0
50,0
44,0
39,0
36,0
36,0
34,0
34,0
34,0
34,0
33,0
33,0
32,0
28,0
23,0
21,0
21,0
21,0
21,0
20,0
20,0
20,0
19,0
18,0
16,0
16,0
16,0
15,0
14,0
13,0
13,0
12,0
12,1
11,0
8,0
7,0
6,0
5,0
0,0
83,0
83,0
80,0
80,1
80,0
80,0
80,0
79,0
74,0
72,0
69,0
69,1
69,0
69,0
64,0
63,0
59,0
53,0
42,0
36,0
10,0
2,1
58,0
58,0
21,0
74,0
50,0
13,0
5,0
66,0
35,0
35,0
33,0
30,0
16,0
13,0
21,0
73,0
62,0
36,0
16,0
6,0
6,0
5,0
78,1
55,0
45,0
34,0
30,0
16,0
7,0
86,0
21,0
19,0
62,0
32,0
21,0
19,0
6,0
87,0
82,0
77,0
75,0
56,0
33,0
15,0
12,0
12,0
8,0
8,0
80,0
80,0
69,0
67,0
66,0
66,0
66,0
65,0
64,0
63,0
62,0
59,0
59,0
53,0
52,0
51,0
50,0
45,0
45,0
45,0
39,0
39,0
39,0
39,0
39,0
39,0
37,0
30,0
30,0
29,0
28,0
25,0
20,0
17,0
17,0
16,0
11,0
6,0
28,0
4,0
75,0
75,0
74,0
55,0
89,0
89,0
87,0
87,1
87,0
87,0
81,0
79,0
73,0
4,0
84,0
83,0
83,0
80,0
75,0
67,1
67,0
64,0
64,0
64,0
64,0
64,0
64,0
64,0
60,0
60,0
57,0
47,0
47,0
38,0
38,0
38,0
37,0
37,0
37,1
37,0
37,0
37,0
22,0
87,0
55,0
43,0
25,0
7,0
38,0
31,0
13,0
9,0
5,0
15,0
87,0
65,0
65,0
57,0
56,0
56,0
27,0
27,1
18,0
18,0
14,1
14,0
14,0
41,0
39,0
27,0
10,0
82,0
29,0
28,0
20,0
12,0
4,0
51,0
90,0
90,0
73,0
73,0
72,0
72,0
67,1
40,0
90,0
90,0
89,1
84,0
84,0
70,0
69,0
64,0
63,0
61,0
59,0
59,0
56,0
50,0
45,0
42,0
41,0
38,0
36,0
25,1
25,0
7,0
7,0
7,0
7,0
7,1
89,0
77,0
23,0
12,0
12,0
82,0
78,0
67,0
65,0
60,0
51,0
43,0
35,0
83,0
82,0
63,0
58,0
58,0
58,0
57,0
41,0
38,0
29,0
10,0
81,0
79,0
79,0
69,0
66,0
61,0
51,0
44,0
42,0
83,0
83,0
81,0
75,0
89,0
81,0
75,0
60,0
54,0
52,0
45,0
37,0
37,0
27,0
17,0
65,0
41,0
45,0
28,0
18,1
3,0
47,0
9,0
6,0
12,0
90,0
90,0
73,0
62,0
49,0
37,0
12,0
7,0
60,0
88,0
87,0
74,0
73,0
69,0
16,0
6,1
87,0
68,0
47,0
45,0
31,0
20,0
10,0
72,0
35,0
33,0
28,0
15,0
14,0
14,0
88,0
85,0
84,0
81,0
81,0
80,0
80,0
76,0
76,0
55,0
37,0
20,0
77,0
63,0
64,0
51,0
38,0
7,0
2,0
2,0
84,0
66,0
66,0
64,0
53,0
41,0
41,0
89,0
89,0
79,0
69,0
67,0
60,0
60,0
60,0
60,0
51,0
46,0
45,0
40,0
40,0
40,0
38,0
32,0
31,0
28,0
27,0
23,0
19,0
17,0
14,0
14,0
8,0
8,0
8,0
70,0
43,0
38,0
16,0
1,0
81,0
24,0
33,0
86,0
57,0
25,0
83,0
83,0
39,0
10,0
6,0
6,0
6,0
64,0
63,0
61,0
61,0
61,0
57,0
55,0
55,0
50,0
38,0
37,0
37,0
37,0
33,0
29,0
26,0
26,0
21,0
19,0
19,0
17,0
17,0
13,0
10,0
84,0
84,0
67,0
57,0
43,0
37,0
10,0
8,0
27,0
27,0
15,0
32,0
31,0
89,0
85,0
75,0
63,0
36,0
35,0
30,0
75,0
90,0
88,0
87,0
87,0
86,0
73,0
73,0
72,0
72,1
72,0
71,0
69,0
67,0
64,0
59,0
59,0
58,0
58,1
55,0
50,0
50,0
48,0
48,0
48,0
47,0
45,0
44,0
41,0
49,0
89,0
89,0
89,0
88,0
86,0
86,0
86,0
84,0
84,0
84,0
84,0
84,0
84,0
84,0
84,0
84,0
84,0
84,0
84,0
77,0
77,1
77,1
72,0
70,0
70,0
70,0
70,0
70,0
70,0
70,0
70,0
70,1
70,0
70,0
70,0
70,0
70,0
70,0
70,0
70,0
67,0
67,0
67,0
67,0
67,0
53,0
53,0
53,1
53,0
53,0
53,1
52,0
52,0
45,0
43,0
40,0
38,0
34,1
23,0
14,0
10,0
72,0
45,0
45,1
45,0
24,0
40,0
27,0
69,0
68,0
36,0
33,0
70,0
49,0
42,0
42,0
29,0
22,0
22,0
16,0
52,0
48,0
48,0
7,0
72,0
26,0
19,0
17,0
0,0
75,0
68,0
59,0
57,0
56,0
55,0
46,0
45,0
44,0
44,0
43,0
39,0
39,0
37,0
35,0
31,0
28,0
23,0
21,0
21,0
19,0
19,0
19,0
18,0
3,0
1,0
30,0
19,0
35,0
35,0
83,0
57,0
21,0
7,0
78,0
61,0
1,0
90,0
87,0
86,0
84,0
83,0
82,0
71,0
53,0
51,0
34,0
29,0
29,0
12,0
7,0
4,0
4,0
74,0
73,0
73,1
68,0
68,0
60,0
56,0
56,0
46,0
33,0
27,0
26,0
24,0
22,0
15,0
15,0
13,0
5,0
65,0
56,0
70,1
70,0
57,0
51,0
50,0
50,0
50,0
50,0
43,0
33,0
29,0
29,0
3,0
75,0
76,0
62,0
30,0
23,0
21,0
5,0
3,0
83,0
74,0
50,0
50,0
43,0
43,0
43,0
42,0
79,0
78,0
78,0
78,0
78,0
76,0
50,0
50,0
50,0
49,0
31,0
28,0
28,0
27,0
24,0
24,0
24,0
24,0
22,0
20,0
18,0
17,0
16,0
10,0
8,0
8,0
8,0
6,0
1,0
1,0
1,0
83,0
44,0
86,0
77,0
77,0
76,0
74,0
74,0
55,0
55,0
45,0
44,0
44,0
44,0
44,0
44,0
44,0
44,0
44,0
44,0
44,0
44,0
44,0
44,0
44,0
44,0
44,0
44,0
44,0
44,0
23,0
15,0
7,0
6,0
6,0
4,0
4,0
57,0
79,0
48,0
46,0
55,0
32,0
25,0
90,0
87,0
87,0
86,0
86,0
85,0
85,0
85,0
85,0
85,1
84,0
82,0
79,0
79,0
79,0
79,0
33,0
36,0
35,0
52,0
32,0
22,0
10,0
6,0
6,0
84,0
87,0
75,0
48,0
24,0
23,0
18,0
6,0
6,0
88,0
80,0
67,0
62,0
43,0
20,0
15,0
15,0
12,0
10,0
31,0
86,0
56,0
32,0
3,0
71,0
50,0
50,0
37,0
29,0
16,0
12,0
11,0
11,1
8,0
82,0
64,0
64,0
48,0
43,0
27,0
7,0
87,0
87,0
87,0
65,0
56,0
56,0
56,0
55,0
52,0
49,0
38,0
34,0
26,0
48,0
1,0
64,0
52,0
36,0
27,0
51,0
34,0
50,0
41,0
81,0
74,0
70,0
69,0
66,0
66,0
60,0
60,0
60,0
51,0
33,0
33,0
33,0
19,0
19,1
86,0
80,0
76,0
73,0
53,0
28,0
16,0
14,0
12,0
10,0
85,0
84,0
79,0
63,0
62,0
62,0
48,0
47,0
45,0
41,0
40,0
38,0
37,0
36,0
31,0
30,0
29,1
27,1
27,0
26,0
26,0
23,0
21,0
21,0
21,0
21,0
19,0
16,0
14,0
7,0
7,0
7,0
6,1
6,0
6,0
5,0
88,0
82,0
69,0
65,0
62,0
59,0
55,0
55,0
48,0
45,0
44,0
34,0
27,0
22,0
17,0
6,0
3,0
87,0
65,0
85,0
82,0
82,0
74,0
42,0
40,0
34,0
27,0
27,0
27,0
21,0
21,0
12,0
8,1
66,0
68,0
65,0
14,0
12,0
67,0
66,0
66,0
66,0
50,0
50,0
35,0
8,0
85,0
83,0
82,0
80,0
79,0
18,0
74,0
74,0
63,0
47,0
29,0
29,0
19,0
19,0
16,0
81,0
60,0
51,0
11,0
11,0
11,0
52,0
20,0
8,0
8,0
75,1
75,0
74,0
74,0
63,0
59,1
59,0
56,0
44,0
44,0
33,0
26,0
13,1
83,0
66,0
52,0
17,0
3,0
59,0
77,0
77,0
74,0
61,0
46,0
22,0
21,1
17,0
17,0
2,0
0,0
61,0
85,0
85,0
22,0
22,0
6,0
1,0
72,0
70,0
23,0
86,0
58,0
4,0
65,0
28,0
89,0
89,0
77,0
47,0
34,0
22,0
22,0
38,0
87,0
62,0
39,0
22,0
85,1
78,0
69,0
60,0
44,0
29,0
17,0
88,0
79,0
65,0
51,0
43,0
13,0
4,0
76,0
59,0
45,0
89,0
87,0
83,0
74,0
59,0
58,0
57,0
56,0
56,0
56,0
56,0
51,0
38,0
37,0
33,0
25,0
52,0
88,0
5,0
89,0
84,0
84,0
82,0
59,0
59,0
59,0
59,0
54,0
53,0
49,0
33,0
11,0
58,0
26,0
51,1
79,0
52,0
34,0
17,0
14,0
90,0
42,0
39,0
53,0
71,0
42,0
37,0
70,0
41,0
14,0
55,0
35,0
31,0
2,0
90,0
34,0
56,0
21,0
86,0
58,0
57,0
46,0
46,0
45,0
45,0
23,0
23,0
9,0
15,0
84,0
84,1
83,0
75,1
68,1
65,0
69,0
69,0
53,0
33,0
26,0
19,0
4,0
30,0
1,0
89,0
28,1
23,0
35,1
44,0
6,0
