1022,0
1004,0
990,0
975,0
961,0
998,0
962,0
1046,0
1032,0
1032,0
1012,0
989,0
987,0
981,0
977,0
968,0
968,0
1050,0
991,0
991,0
1040,0
1016,0
1012,0
1011,0
1011,1
963,0
1046,0
1042,0
1034,0
1011,0
1000,0
996,0
990,0
989,0
988,1
1025,0
977,0
1025,0
1007,0
1003,0
981,0
962,0
1025,0
1003,0
997,0
986,0
976,1
1001,0
1000,0
982,0
979,0
961,0
990,0
990,0
1042,0
969,1
1011,0
1011,0
1020,0
1000,0
964,1
963,0
1009,0
984,0
983,0
977,0
969,0
982,0
1041,0
1024,0
1046,0
1044,0
1014,0
1014,0
1014,0
1014,0
988,0
988,0
1029,0
1022,0
961,0
1029,0
1016,0
