59,0
42,0
33,0
28,0
23,0
22,0
59,0
34,0
10,0
84,0
4,0
84,0
84,0
78,0
13,0
17,0
78,0
78,0
32,0
20,0
17,0
17,0
12,0
4,0
10,0
5,0
63,0
29,0
69,0
4,1
83,0
81,0
76,1
89,0
80,0
67,1
66,1
66,0
60,1
57,1
57,1
54,1
53,1
47,1
43,1
37,1
37,1
37,1
37,1
37,1
32,1
19,1
19,1
19,1
19,1
19,1
19,1
18,1
18,1
16,1
15,1
13,1
66,0
25,0
63,0
50,0
35,0
20,0
14,0
14,0
14,0
8,0
8,0
5,0
5,0
88,0
83,0
80,0
74,0
71,0
64,0
64,0
64,0
64,0
64,0
64,0
63,0
63,0
59,0
55,0
54,0
49,0
47,0
43,0
41,0
33,0
31,0
30,0
27,0
26,0
25,0
24,0
23,0
14,0
13,0
11,0
5,0
4,0
6,0
43,0
78,0
64,0
63,0
61,0
61,0
61,0
60,0
60,0
59,0
58,0
4,0
80,0
78,0
77,0
74,0
67,0
59,0
25,0
25,0
24,0
61,0
30,0
83,0
13,0
11,0
11,0
89,0
19,0
82,0
17,0
85,0
74,1
74,0
74,0
88,0
88,0
88,0
81,0
82,0
32,0
32,0
17,0
26,0
19,0
54,0
45,0
4,0
4,0
89,0
88,0
88,0
87,0
86,0
85,0
85,0
84,0
83,0
83,0
82,0
78,0
78,0
78,0
78,0
76,0
76,0
76,0
75,0
74,0
74,0
74,0
73,0
72,0
72,0
71,0
69,0
66,0
66,0
66,0
62,0
62,0
58,0
57,0
51,0
50,0
50,0
48,0
47,0
44,0
44,0
44,0
42,0
41,0
40,0
38,0
36,0
36,0
36,0
35,0
34,0
34,0
34,0
34,0
34,0
33,0
32,0
31,0
30,0
29,0
28,0
28,0
26,0
26,0
76,0
75,0
69,0
67,0
63,0
63,0
63,0
63,0
61,0
56,0
47,0
46,0
43,0
43,0
40,0
31,0
31,0
31,0
27,0
26,0
25,0
25,0
25,0
24,0
20,0
20,0
19,0
14,0
14,0
14,0
13,0
12,0
7,0
36,0
58,0
1,0
47,1
6,0
58,0
1,0
46,0
54,1
44,0
87,0
84,0
84,0
8,0
45,0
57,0
51,0
50,0
30,0
35,0
42,0
35,0
42,0
37,0
69,0
85,0
69,0
39,0
38,0
26,0
18,0
64,0
18,0
29,0
80,0
26,0
34,1
72,0
46,0
18,0
87,1
68,0
47,0
40,0
73,0
85,0
38,0
36,0
5,0
82,0
69,0
69,0
61,0
16,0
16,0
16,0
57,0
3,1
82,0
81,0
85,0
1,0
87,0
86,0
34,1
2,1
88,0
88,0
32,1
54,0
25,0
22,0
20,0
71,0
83,0
88,0
82,0
43,0
58,0
67,0
75,0
75,0
73,0
63,0
61,0
39,0
39,0
30,0
15,0
15,0
76,0
72,0
57,0
57,0
42,0
31,0
24,0
11,0
61,0
46,1
44,0
43,0
33,0
33,0
25,0
4,0
80,0
80,0
57,1
4,0
3,0
83,0
42,0
77,0
54,0
53,0
32,0
84,0
76,0
12,0
12,0
7,0
84,0
83,0
56,0
34,0
19,0
89,0
87,0
80,0
79,0
76,0
74,0
73,0
53,0
82,0
27,0
58,0
19,0
89,0
87,0
87,0
81,0
80,0
79,0
66,0
53,0
53,0
46,0
88,0
58,0
86,0
79,0
27,0
13,0
9,0
84,0
79,0
30,0
88,0
82,0
78,0
64,0
46,0
2,0
89,0
55,0
41,0
34,0
26,0
23,0
21,0
19,0
14,0
11,0
9,0
8,0
6,0
1,0
25,0
86,0
46,0
27,1
23,0
83,0
39,0
2,0
35,0
72,0
52,0
70,0
68,0
50,0
16,0
13,0
9,0
86,0
86,0
81,0
76,0
75,1
75,0
71,0
68,0
67,0
66,0
63,0
62,0
27,0
25,0
23,0
15,0
7,0
50,0
69,0
65,0
65,0
59,0
0,0
74,0
24,0
57,0
25,0
66,0
66,0
66,0
27,0
44,0
41,0
89,0
72,0
32,0
61,0
72,0
5,0
67,0
56,0
36,0
15,0
10,0
48,0
81,1
31,0
19,0
18,0
81,1
23,0
23,0
1,0
48,0
27,1
88,0
