48,1
40,0
18,1
17,1
5,0
87,0
87,1
87,1
79,0
79,1
78,0
78,1
78,0
78,0
77,0
77,1
68,1
68,1
64,0
64,0
64,1
63,0
63,0
62,0
62,0
61,0
50,0
50,1
50,0
50,0
50,0
49,0
48,1
48,1
48,1
48,1
48,1
47,1
47,0
41,0
41,0
41,1
41,1
32,0
32,1
30,1
27,1
27,0
26,1
26,1
26,1
24,0
24,1
24,1
23,0
22,0
21,0
20,0
20,1
20,0
18,1
17,0
16,0
15,0
15,0
15,0
12,0
11,0
10,0
6,1
6,0
5,0
5,0
4,0
4,1
4,1
3,0
3,1
1,0
1,1
1,0
1,0
1,0
0,1
85,1
85,1
77,1
76,0
76,1
64,0
64,1
59,0
40,0
39,1
34,0
23,1
18,0
15,1
6,0
1,1
44,1
40,0
23,1
64,0
21,1
72,0
33,0
30,0
77,1
48,1
54,0
82,0
22,0
87,0
79,0
79,0
72,0
55,0
47,1
46,0
80,0
63,1
1,0
84,1
39,1
20,0
55,0
12,0
49,0
47,0
41,0
82,0
37,0
39,1
67,1
52,0
39,1
13,0
