-151,0
-158,0
-159,1
-165,0
-165,1
-168,1
-182,1
-214,1
-159,0
-175,0
-135,1
-136,1
-137,1
-141,1
-142,1
-142,0
-142,1
-143,1
-144,1
-146,1
-146,0
-147,1
-147,0
-147,1
-150,1
-150,1
-151,1
-153,1
-159,1
-169,1
-170,1
-187,0
-188,1
-188,1
-196,1
-196,1
-209,0
-136,0
-143,1
-171,0
-171,0
-185,0
-191,0
-203,1
-209,0
-213,1
-157,0
-175,1
-179,1
-134,1
-135,1
-136,1
-138,1
-139,1
-140,1
-141,1
-142,1
-143,1
-145,1
-146,1
-147,1
-148,1
-149,1
-150,1
-152,1
-153,1
-154,1
-155,1
-156,1
-157,1
-157,1
-158,1
-158,1
-159,1
-160,1
-161,1
-162,1
-163,1
-164,1
-165,1
-166,1
-167,1
-168,1
-169,1
-170,1
-171,1
-172,1
-173,1
-174,1
-175,1
-176,1
-177,1
-179,1
-180,0
-180,1
-181,1
-182,1
-183,1
-184,1
-185,1
-186,1
-187,1
-188,1
-189,1
-190,1
-191,1
-192,1
-193,1
-194,1
-195,1
-196,1
-197,1
-198,1
-199,1
-200,1
-201,1
-201,1
-202,0
-202,1
-203,1
-204,1
-205,0
-205,1
-206,1
-207,1
-208,1
-209,1
-210,1
-211,1
-212,1
-213,1
-214,1
-215,1
-216,1
-217,1
-218,1
-219,1
-220,1
-221,1
-222,1
-223,1
-190,0
-159,1
-173,1
-223,1
