37,0
34,0
14,0
59,0
56,0
48,0
35,0
28,0
28,0
28,0
28,0
20,0
0,0
0,0
0,0
60,0
26,0
74,0
68,1
44,0
32,0
21,0
6,0
54,0
48,0
46,0
43,0
59,0
2,0
6,0
6,0
88,0
69,0
36,0
18,0
15,0
4,0
0,0
72,1
37,0
45,0
27,0
16,0
14,0
5,0
80,0
69,0
41,0
40,0
27,0
19,0
14,1
80,0
35,0
55,0
89,0
75,0
51,0
40,0
33,0
16,0
7,0
79,0
79,0
70,0
69,0
67,0
49,0
48,0
19,0
0,0
88,0
81,0
75,0
69,0
61,0
60,0
41,0
87,0
70,0
69,0
24,0
7,0
38,0
26,0
26,0
56,0
55,0
36,0
26,0
24,0
13,0
12,0
10,0
10,1
8,0
5,0
4,0
61,0
4,0
39,0
89,0
1,0
69,0
3,0
71,0
52,0
52,1
50,0
50,0
5,0
81,0
36,0
16,0
16,0
1,0
86,0
86,0
45,0
28,0
23,0
8,0
5,0
5,0
0,0
35,0
32,0
26,0
74,0
29,1
84,0
52,0
5,0
1,0
5,0
75,0
27,0
19,0
18,0
10,0
83,0
49,0
38,0
1,0
64,0
7,0
88,0
87,0
63,0
49,0
45,0
17,1
17,0
11,0
6,0
4,0
43,0
43,1
77,0
76,0
49,0
40,0
