86,0
41,0
65,0
46,0
33,0
45,0
81,0
81,0
81,0
81,0
73,0
57,0
55,0
48,0
48,0
48,0
48,0
40,0
40,0
38,0
17,0
11,0
8,0
8,0
6,0
4,0
4,0
58,0
48,1
48,0
45,0
33,0
30,0
24,0
89,0
14,0
83,0
77,0
77,0
76,0
75,0
74,0
66,0
66,0
66,0
66,0
62,0
56,0
53,0
49,0
49,0
48,0
45,0
40,0
40,0
34,0
34,0
29,0
22,0
21,0
21,0
20,0
20,0
14,0
13,0
6,0
6,0
4,0
4,0
72,0
57,0
56,0
46,0
23,0
11,1
10,0
10,0
59,0
28,0
89,0
61,0
30,0
76,0
63,0
62,0
59,0
41,0
23,0
7,0
65,0
3,0
36,0
23,0
52,0
18,0
82,0
67,1
61,0
61,0
49,0
38,1
34,0
34,0
71,0
76,0
71,0
56,0
54,0
45,0
43,0
70,0
52,0
48,1
14,0
63,0
58,0
64,0
64,0
25,0
18,0
14,0
12,0
56,0
41,0
60,0
60,0
60,0
33,0
33,0
83,0
82,0
80,0
71,0
70,0
48,0
42,0
37,0
35,0
82,0
73,0
51,0
12,0
71,0
54,0
76,0
35,1
15,0
28,0
84,0
84,0
65,0
64,0
61,0
44,0
35,0
74,0
62,0
60,0
59,0
46,0
84,0
47,0
43,0
8,0
0,0
20,1
74,0
74,0
45,0
64,0
63,0
54,0
45,0
45,0
45,0
45,0
27,0
14,0
83,0
76,0
53,0
50,0
40,0
44,0
44,0
14,0
44,0
34,0
30,0
54,0
15,0
48,0
51,0
16,0
10,0
4,0
87,0
62,0
60,0
44,0
39,0
30,0
20,1
18,1
17,0
12,0
5,0
4,0
89,0
82,0
77,0
70,0
61,0
