87,0
17,0
16,0
5,0
39,0
18,0
17,0
28,0
42,0
65,0
81,0
54,0
53,0
78,0
52,0
34,0
34,0
55,0
37,0
9,0
84,0
68,0
68,0
66,0
54,0
54,0
38,0
29,0
85,0
80,0
69,1
64,0
53,0
32,0
27,0
24,0
19,0
12,0
72,0
35,1
70,0
33,0
26,0
21,0
6,0
6,0
87,0
75,0
69,0
42,0
27,0
68,0
85,0
69,1
33,0
11,0
1,0
42,0
36,1
75,0
71,0
63,0
24,0
24,0
24,0
2,0
76,0
71,0
11,0
56,0
56,0
56,0
56,0
50,0
33,0
33,0
29,1
29,1
27,0
82,0
69,0
29,0
13,0
13,0
6,1
0,0
0,0
61,0
18,0
89,0
75,0
26,0
25,0
57,0
55,0
52,0
24,0
19,0
83,0
47,0
40,0
25,0
14,1
6,1
32,0
74,0
72,0
48,0
