86,0
66,0
1,0
4,0
1,0
70,0
61,0
57,0
35,0
31,0
31,0
2,0
89,0
89,0
89,0
88,0
83,0
83,0
79,0
74,0
73,0
65,0
62,0
42,0
42,0
40,0
40,0
35,0
34,0
34,0
34,0
34,0
34,0
31,0
31,0
31,0
31,0
31,0
28,0
20,0
20,0
19,0
18,0
18,0
18,0
15,0
10,0
2,0
84,0
82,0
65,1
65,0
65,1
13,0
7,0
73,0
55,0
80,0
76,0
57,0
36,0
30,0
86,0
73,0
66,0
68,0
47,0
56,0
46,0
7,0
6,0
20,0
0,0
64,1
51,0
29,0
21,0
11,0
5,0
64,0
66,0
66,0
83,0
82,0
87,0
85,0
80,1
80,0
8,0
87,0
87,0
55,0
16,0
73,1
51,0
84,0
80,0
74,0
70,0
80,0
64,0
59,0
27,0
20,0
10,0
10,0
7,0
3,0
83,0
6,0
77,0
70,0
70,0
70,0
63,0
31,0
31,0
54,0
54,0
54,0
41,0
41,0
31,0
31,0
8,0
5,0
1,0
4,0
41,0
40,0
17,0
34,0
10,0
17,0
83,0
61,0
48,0
3,0
82,0
78,0
77,0
77,0
76,0
66,0
59,0
52,0
68,0
6,0
6,0
6,0
36,0
35,0
35,0
23,0
10,0
72,0
58,0
54,0
20,0
17,0
0,0
20,0
5,0
24,0
21,0
20,0
16,0
54,0
14,0
5,0
79,0
80,0
50,0
28,0
21,0
21,0
11,0
86,0
81,0
34,0
56,0
4,0
66,0
85,0
35,0
83,0
83,1
75,0
15,0
68,0
75,0
19,0
59,0
59,0
54,0
53,0
49,1
43,1
43,0
43,1
37,1
37,0
34,0
32,0
32,0
27,0
27,0
25,0
24,0
23,0
23,1
9,0
6,0
68,0
68,0
46,0
46,0
45,0
23,0
32,0
15,0
1,0
86,0
57,0
40,0
45,0
62,0
43,0
5,0
1,0
54,0
67,0
58,0
2,0
0,0
33,0
29,0
24,0
23,0
23,0
38,0
89,0
58,0
50,0
24,0
75,0
71,0
70,0
45,0
81,0
10,0
71,0
69,0
50,0
11,1
81,0
19,0
12,0
73,0
66,0
76,0
76,0
12,0
10,0
82,0
