70,0
58,0
25,0
11,0
76,0
69,0
68,0
61,0
72,1
78,1
49,0
48,0
41,0
38,0
8,0
4,0
27,0
27,0
25,0
81,0
72,0
65,0
77,0
72,0
27,0
27,0
65,0
51,0
43,0
43,0
43,0
87,0
67,0
25,0
63,1
60,0
0,0
89,1
67,0
23,0
15,0
13,0
7,0
82,0
39,1
71,0
75,0
30,0
19,0
11,0
11,1
12,0
31,0
11,0
9,0
58,0
10,0
2,0
48,0
45,0
45,1
88,1
83,0
27,0
27,0
11,1
11,1
78,0
77,0
77,0
30,0
50,0
45,0
77,0
67,0
25,0
90,0
85,0
84,0
66,0
42,0
25,0
20,0
20,0
7,0
1,0
9,1
9,0
74,0
68,0
86,0
40,0
50,0
28,0
73,0
41,0
3,0
87,0
65,0
63,1
55,0
23,0
18,0
18,0
14,0
44,0
36,1
89,0
65,0
53,0
50,0
36,0
37,0
34,0
19,0
11,0
42,0
3,1
62,0
53,0
28,0
18,0
18,0
18,0
11,0
11,0
11,0
2,0
66,0
13,0
46,0
87,0
77,0
74,0
74,0
73,0
70,0
90,0
90,0
33,0
32,0
32,0
24,0
13,0
13,0
6,0
6,0
5,0
90,0
73,1
55,0
11,0
87,0
85,0
74,0
69,0
68,0
60,0
42,0
68,0
31,0
31,0
49,0
81,0
82,1
50,0
24,0
10,1
43,0
36,0
84,0
70,0
51,0
41,0
28,0
8,0
82,0
39,0
2,0
34,1
83,0
89,0
52,0
82,0
77,1
53,0
36,0
3,0
42,0
22,0
7,0
82,0
67,0
76,1
89,0
4,0
18,1
10,1
5,1
68,0
74,0
60,0
90,0
90,0
80,0
38,0
25,0
31,0
4,0
4,0
19,1
84,1
82,0
7,0
82,0
17,1
17,1
82,0
32,0
27,0
51,0
50,1
49,0
3,0
44,0
49,0
11,0
55,0
73,0
84,0
84,0
83,0
57,0
40,0
42,0
7,0
50,0
88,0
81,0
38,0
7,0
11,0
3,0
59,0
50,0
50,0
50,0
48,0
39,0
35,0
35,0
35,0
19,0
15,0
34,0
33,0
33,0
33,0
31,0
27,0
26,0
25,0
89,0
87,0
11,0
53,0
53,0
53,0
75,0
61,0
24,0
84,0
85,0
11,0
17,0
11,0
11,0
69,0
87,0
83,0
42,0
10,0
62,0
54,0
54,0
87,0
82,0
48,0
82,0
31,0
89,0
56,0
77,0
11,0
78,0
49,0
87,0
11,0
59,0
32,0
84,1
87,0
22,0
72,0
53,0
26,0
47,1
30,0
22,0
71,0
86,0
86,0
77,0
75,0
67,0
67,0
61,0
61,0
30,0
11,0
73,0
49,0
48,0
25,0
15,0
12,0
11,1
24,1
88,0
83,0
50,0
49,0
65,0
84,0
46,0
18,0
18,1
11,0
76,0
44,0
44,1
37,0
32,0
32,0
30,0
30,0
30,0
4,0
66,1
12,0
12,0
3,0
45,0
70,0
12,0
60,0
24,0
55,0
7,0
90,0
66,0
57,0
49,0
25,0
5,0
5,0
0,0
86,0
78,0
68,0
48,0
48,0
78,0
17,0
10,0
40,0
33,0
16,0
75,0
68,0
26,1
42,0
56,0
55,0
14,0
14,0
10,0
8,0
69,1
68,1
87,0
82,0
76,0
67,0
66,0
66,0
58,0
58,0
50,0
50,1
43,1
42,0
71,0
62,0
23,0
1,0
60,0
77,0
68,0
44,0
44,0
44,0
82,0
73,0
56,0
50,0
48,0
33,0
31,0
88,0
86,0
31,0
75,0
74,0
71,0
33,0
5,0
53,0
39,0
30,0
0,0
0,0
15,0
80,1
16,0
50,0
33,0
30,0
22,0
89,0
76,0
67,0
31,0
19,0
81,0
69,0
48,0
41,0
41,0
8,0
67,0
37,1
68,0
70,0
89,1
87,0
5,0
2,0
2,0
48,1
62,1
83,0
80,0
76,0
74,0
74,0
22,1
22,1
5,0
65,0
47,0
18,0
11,0
11,0
11,0
11,1
11,0
16,1
31,0
48,0
63,0
86,0
82,1
40,0
17,0
16,0
11,0
78,0
54,0
69,0
38,0
23,0
19,0
85,0
23,0
57,0
77,0
34,0
34,0
21,0
89,1
55,0
86,0
18,0
18,0
11,0
11,1
11,0
24,0
20,1
17,0
17,0
76,0
53,1
85,0
75,0
83,0
41,0
64,0
64,0
64,0
38,0
11,0
22,0
11,0
84,0
83,1
19,0
12,0
66,0
42,0
39,0
35,0
35,0
35,0
31,0
6,0
75,1
3,0
3,0
78,0
52,0
13,0
16,0
88,0
88,0
88,0
88,0
70,0
31,0
24,0
24,0
12,0
12,0
87,0
12,0
11,0
11,0
11,0
11,0
11,0
18,0
12,0
11,0
11,0
11,0
82,0
36,0
26,0
44,0
75,1
18,0
17,0
11,0
49,0
49,0
28,0
5,0
38,0
63,1
17,1
17,1
54,0
0,0
47,0
48,0
11,0
59,1
13,0
34,0
89,0
17,0
57,0
2,1
3,0
83,0
75,0
63,0
59,0
2,0
2,0
63,0
46,0
63,0
89,1
88,1
88,1
36,0
38,0
12,0
79,0
24,1
57,0
47,0
18,0
52,1
11,0
59,0
61,0
31,0
28,0
7,0
89,0
89,0
83,0
72,0
72,0
69,0
55,0
54,0
50,0
10,0
67,0
54,0
50,0
35,0
3,0
86,0
42,1
75,0
80,0
81,0
30,1
78,0
8,0
44,0
42,0
81,1
81,0
30,0
5,0
5,0
5,0
59,0
12,1
3,0
3,0
2,0
89,0
55,0
20,0
12,0
33,0
17,0
75,1
67,1
