35,0
23,0
16,0
-33,0
9,0
18,0
18,0
-21,0
7,0
-13,0
9,0
26,1
23,0
-33,0
35,0
13,0
3,0
-3,0
-29,1
42,0
28,0
-7,0
-28,0
-28,0
-28,0
-31,0
29,0
30,0
26,0
37,0
36,0
32,0
-14,0
-25,1
-27,0
-27,0
-27,0
-27,0
-5,0
16,0
44,0
34,0
-8,0
30,0
52,0
33,0
11,0
-19,0
31,0
29,0
31,0
33,0
24,0
8,0
26,0
52,0
30,0
30,0
0,0
39,0
34,0
12,0
-28,0
-28,0
-36,0
34,0
34,0
-33,0
3,0
7,0
7,0
7,0
-20,0
29,0
31,0
26,0
24,0
15,0
43,0
43,0
-8,0
-31,1
10,0
-11,0
44,0
34,0
31,0
1,1
31,0
15,1
-7,0
34,0
20,0
42,0
12,0
33,0
27,0
-26,0
-27,0
-3,0
-33,1
-36,0
50,0
33,0
-1,0
-15,0
-33,0
44,0
27,0
-1,0
-2,0
-20,0
25,0
22,0
-1,0
9,0
3,0
-3,0
-3,0
33,0
-6,0
-16,0
31,0
25,0
25,0
11,0
7,0
22,0
-18,1
-2,0
41,0
31,0
42,0
38,1
25,0
16,0
29,0
34,0
25,0
31,0
33,0
21,0
20,0
26,0
-3,0
-4,0
-30,0
51,0
35,0
12,0
-15,1
-19,0
32,0
29,0
23,0
9,0
44,0
44,1
28,1
28,0
10,0
-4,0
-21,0
-26,1
-31,0
-18,0
-7,0
32,0
23,0
44,0
31,0
30,0
23,0
21,0
17,1
14,0
9,0
42,0
31,0
21,0
-29,0
-31,0
38,0
-27,0
-27,0
18,0
18,0
30,0
22,0
24,0
-2,0
-13,1
27,0
14,0
-17,0
27,0
33,0
21,0
34,0
33,0
31,0
24,0
21,0
10,0
27,0
-26,0
9,0
29,0
45,0
34,0
-3,0
34,0
48,0
-12,0
28,0
-2,0
-3,0
33,0
-6,0
45,0
26,0
22,0
14,0
-7,0
-10,0
-10,0
-17,0
-27,0
53,0
9,0
34,0
23,0
21,0
16,0
16,0
-22,0
-29,0
-35,0
51,0
23,0
23,0
45,0
41,0
26,0
14,0
-1,0
-29,0
53,0
0,0
-8,0
-9,0
23,0
47,0
48,0
41,0
-12,0
24,0
9,0
