89,0
40,0
12,0
10,0
5,0
5,0
75,0
54,0
14,0
15,0
15,0
41,0
57,0
41,0
25,0
23,0
12,0
53,0
11,0
26,0
19,0
13,0
13,0
13,0
2,0
89,0
85,0
17,0
40,0
31,0
26,0
23,0
11,0
11,0
81,0
60,0
50,0
33,1
5,0
30,0
68,1
62,1
56,0
75,0
33,0
86,0
86,0
77,0
74,0
73,0
69,0
68,0
54,0
52,0
40,0
26,0
26,0
60,0
57,0
1,0
81,0
81,0
48,0
24,0
17,0
63,0
75,0
54,0
37,0
10,0
75,0
82,0
81,0
53,0
37,0
47,0
47,0
40,0
70,0
60,0
47,0
40,0
78,0
78,0
50,0
48,0
39,0
37,0
36,0
7,0
76,0
75,0
49,0
32,0
25,0
20,1
20,1
17,0
13,0
12,0
27,0
22,0
22,1
7,0
31,0
53,0
26,0
21,0
21,0
18,0
12,0
37,1
79,0
45,0
41,0
39,0
18,0
12,0
4,0
2,0
81,0
81,0
14,0
14,0
8,0
5,0
34,0
19,0
19,0
74,0
29,0
74,0
71,0
68,0
56,0
51,0
47,0
39,0
24,0
18,0
14,0
77,0
61,0
88,0
46,0
23,0
12,0
74,0
18,0
