67,0
60,0
78,0
69,0
47,0
43,0
16,0
16,0
16,0
82,0
80,0
53,0
53,0
47,0
46,0
29,0
18,0
6,0
2,0
39,0
36,0
27,0
28,0
49,0
23,0
58,0
56,0
38,0
36,0
36,1
83,0
82,0
82,0
78,0
78,0
78,0
71,0
67,0
65,0
59,0
58,0
50,0
43,0
43,0
38,0
19,0
5,0
5,0
5,0
5,0
5,0
5,0
5,0
5,0
38,0
18,0
17,0
19,0
81,0
70,0
55,0
52,0
30,0
56,0
56,0
56,0
50,0
23,0
23,0
15,0
42,0
38,0
25,0
23,0
15,0
86,0
86,0
84,0
84,0
49,0
26,0
11,0
6,0
6,0
5,0
89,0
89,0
67,0
63,0
61,0
58,0
58,0
53,0
32,0
22,0
16,0
16,0
7,0
88,0
88,0
70,0
64,0
62,1
62,0
55,0
47,0
46,0
37,0
36,0
36,0
34,0
28,0
28,0
25,0
17,0
8,0
8,0
8,0
8,0
4,0
86,1
50,0
50,0
5,0
5,0
35,0
68,1
68,1
63,0
63,0
74,0
68,0
44,0
38,0
28,0
21,0
3,0
2,0
1,0
1,0
84,0
61,0
51,0
48,0
85,0
85,0
81,0
80,1
63,0
50,0
48,0
46,0
21,0
13,0
43,0
43,0
85,0
83,0
35,0
20,0
40,0
25,0
85,1
83,0
83,0
82,0
77,0
70,0
68,1
68,0
68,0
61,0
61,0
61,0
61,1
60,0
60,0
60,0
60,0
50,0
48,0
48,1
31,0
30,0
30,0
23,0
23,0
5,0
4,0
4,1
36,0
77,0
64,0
50,0
36,0
8,0
87,0
83,0
79,0
77,0
69,0
69,0
68,1
67,0
63,0
51,0
35,0
24,0
23,0
8,0
5,0
4,0
63,0
89,0
66,0
64,0
50,0
50,0
50,0
40,0
18,0
15,0
15,0
5,0
3,0
