88,0
88,0
80,0
76,0
76,0
48,0
49,1
28,0
36,0
28,0
20,0
18,0
3,0
40,0
84,0
81,0
77,0
59,0
58,0
53,0
50,0
64,0
37,0
6,0
27,0
67,0
13,0
7,0
17,0
2,0
59,0
51,0
49,0
13,0
84,0
79,0
78,0
75,0
48,0
1,0
82,0
75,0
12,0
89,0
63,0
18,0
53,0
38,0
82,0
67,0
67,0
66,0
3,0
3,0
25,0
88,0
88,1
88,0
85,0
59,0
15,0
71,0
62,0
61,0
49,0
67,0
75,0
73,0
73,0
66,0
65,0
53,0
52,0
30,0
17,0
7,1
89,0
89,0
88,0
87,0
66,0
52,0
74,0
62,0
54,0
49,0
77,0
62,0
59,0
55,0
41,0
4,0
0,0
0,0
51,1
89,0
79,0
52,0
48,0
85,0
79,0
79,0
58,0
52,0
46,0
43,0
42,0
41,0
39,0
35,0
31,0
30,0
26,0
10,0
10,0
8,0
68,0
35,0
86,0
83,0
18,0
17,0
47,0
88,0
87,0
65,0
13,0
11,0
30,0
12,0
73,0
66,0
25,0
80,0
31,0
30,0
8,0
4,0
0,0
81,0
71,0
68,0
55,0
41,0
39,0
57,0
1,0
83,0
48,0
36,0
21,0
18,0
63,0
89,0
88,0
87,0
61,0
68,0
69,0
69,0
82,0
80,0
86,0
36,0
52,0
53,0
80,0
80,0
84,0
79,0
79,0
60,0
51,0
50,0
38,0
36,0
31,0
31,1
7,0
83,0
81,0
66,0
58,0
5,0
83,0
82,0
12,0
89,0
85,0
89,0
89,0
86,0
85,0
83,0
54,0
66,0
46,0
12,0
11,0
89,0
74,0
47,0
11,0
11,0
11,0
27,0
1,0
83,0
57,0
36,0
34,0
33,0
79,0
50,0
42,0
39,1
31,0
30,0
26,0
26,0
84,1
89,0
76,0
67,0
67,0
59,0
73,0
67,0
67,0
78,0
52,0
75,0
86,0
55,0
43,0
37,0
73,0
57,0
55,0
61,0
22,0
10,0
