80,0
61,0
39,0
90,0
82,0
78,0
75,0
73,0
70,0
69,0
61,0
39,0
29,0
73,0
72,0
61,0
38,0
38,0
17,0
57,0
80,0
72,0
65,0
54,0
45,0
36,0
35,0
34,0
31,0
18,0
17,0
12,0
38,0
36,0
36,0
5,1
3,0
2,0
86,0
70,0
45,0
44,0
42,0
76,0
3,0
84,0
73,1
60,0
36,0
86,0
36,0
24,0
24,0
89,0
66,0
65,0
62,0
57,0
52,0
52,0
52,0
52,1
45,0
44,0
43,0
42,0
40,1
39,0
35,0
32,0
31,0
30,0
22,0
22,0
13,0
70,0
15,0
15,1
85,0
80,0
67,0
65,0
65,0
65,0
51,0
47,0
90,0
83,1
83,0
75,0
71,0
71,0
71,0
69,0
66,0
63,0
57,0
51,0
81,0
77,0
27,0
2,0
87,0
80,0
80,0
68,0
61,0
52,1
52,0
52,1
50,0
49,0
36,0
36,0
28,0
24,0
14,0
10,0
8,0
7,0
5,0
4,0
2,0
89,1
88,0
88,0
88,0
82,0
76,0
69,0
69,0
66,0
66,0
66,0
66,0
63,0
39,0
35,0
16,0
3,0
3,0
3,0
3,0
0,0
78,0
89,0
51,0
20,0
17,0
52,0
29,0
20,0
87,0
85,1
85,0
84,0
74,0
73,0
73,0
67,0
63,0
56,0
51,0
45,0
45,0
38,0
38,0
37,0
32,0
30,0
27,0
25,0
25,0
21,1
16,0
15,0
11,0
10,0
10,0
6,0
4,0
0,0
0,0
80,0
70,0
64,0
60,0
60,0
18,0
47,0
35,0
15,0
2,0
85,0
85,0
82,0
48,0
6,0
0,0
48,0
48,0
29,0
28,0
23,0
6,0
75,0
66,0
39,0
32,0
13,0
8,0
8,0
80,0
70,0
72,0
7,0
0,0
82,0
70,0
54,0
52,0
44,1
33,0
24,0
25,0
24,0
81,0
80,0
23,0
42,1
12,0
4,0
73,0
52,0
47,0
45,0
45,0
27,0
25,0
56,0
55,0
26,0
26,0
12,0
12,0
80,0
68,0
67,0
67,0
60,0
53,0
11,0
67,0
22,1
58,0
58,0
38,0
21,0
21,0
17,0
10,0
24,0
25,0
68,0
8,0
8,0
73,0
67,0
38,0
24,0
20,0
2,0
90,0
14,0
14,0
10,0
87,0
87,0
87,0
83,0
73,0
70,0
67,0
65,0
65,0
63,0
58,0
35,0
35,0
24,0
20,0
20,0
13,0
12,0
8,0
8,0
8,1
3,0
0,0
0,0
0,0
0,0
0,0
43,0
32,0
62,0
40,1
40,0
38,0
3,0
24,0
19,0
65,0
11,0
81,1
73,0
12,0
82,0
67,0
38,0
24,0
10,0
7,0
7,0
90,0
89,0
88,0
85,0
85,0
82,0
78,0
75,0
70,0
68,0
60,0
55,0
53,0
53,0
45,0
45,0
36,0
33,1
33,0
30,0
29,0
26,0
22,0
15,0
12,0
9,0
8,0
6,0
6,0
5,0
4,0
2,0
2,0
1,0
1,0
1,0
0,0
72,0
11,0
7,0
7,0
83,0
73,0
48,0
47,0
42,0
29,0
29,0
20,0
19,0
14,0
14,0
12,0
4,0
86,0
45,0
20,0
18,0
73,0
81,0
69,0
88,0
3,0
72,0
76,0
4,0
4,0
66,0
85,1
83,0
82,0
79,0
79,0
77,0
73,1
69,0
68,0
68,0
65,0
65,0
65,0
64,0
55,0
55,0
49,0
44,0
37,0
35,0
33,0
23,0
23,0
23,1
23,0
21,0
21,0
19,0
15,0
13,0
13,0
6,0
83,0
83,0
81,0
73,0
67,0
65,1
65,0
62,0
54,0
53,0
41,0
34,0
18,0
86,0
79,0
66,0
61,0
61,0
48,0
47,0
38,0
37,0
35,0
32,0
30,0
28,0
28,0
24,0
7,0
2,0
65,0
83,0
83,0
63,0
11,1
11,0
11,1
72,0
54,0
42,0
70,0
38,0
82,0
25,0
18,0
6,0
4,0
78,0
79,1
65,0
46,0
41,0
82,0
11,0
10,0
62,0
40,0
15,0
80,0
78,0
76,0
74,0
74,0
72,0
72,0
72,0
70,0
70,0
69,0
63,0
63,0
63,0
63,0
60,0
59,0
85,0
52,0
90,0
88,1
88,0
76,0
74,0
66,1
40,1
40,0
36,0
2,0
2,0
0,0
24,0
68,0
10,0
1,0
