60,0
83,0
57,0
51,0
12,0
11,0
88,0
79,0
46,0
25,0
10,0
9,0
13,0
72,0
28,0
33,0
33,0
33,1
33,0
2,0
89,0
84,0
80,0
68,0
89,0
69,0
69,0
69,0
69,0
55,0
41,0
41,1
32,0
46,0
28,0
15,0
7,0
14,1
55,0
53,0
45,0
40,0
61,0
46,0
68,0
72,0
28,0
59,0
77,0
42,0
37,0
11,0
80,0
13,1
30,0
21,0
40,0
5,0
7,0
51,0
17,0
31,0
81,0
59,0
39,0
4,0
21,0
85,0
80,0
57,0
54,1
4,0
32,0
32,0
23,0
5,0
19,0
19,0
10,0
9,0
8,0
5,0
66,0
26,0
74,0
49,0
20,0
20,0
38,0
30,0
30,0
22,0
88,0
78,0
57,0
43,0
11,0
5,0
54,0
33,0
16,0
60,0
60,0
31,0
8,0
2,0
88,0
88,0
87,0
1,0
1,0
86,0
72,0
50,0
49,0
9,0
83,0
65,0
46,0
