87,0
87,0
81,0
74,0
73,0
11,0
8,0
7,0
47,0
5,1
81,0
66,0
41,0
41,0
41,0
36,0
66,0
89,0
66,1
31,0
52,0
32,0
31,0
9,0
26,0
86,0
33,0
15,0
2,0
58,0
58,0
55,0
52,0
48,0
13,0
2,0
1,0
1,0
65,0
23,0
79,0
73,0
72,0
71,0
67,0
67,0
67,0
62,0
50,0
45,0
45,0
44,0
43,0
54,0
41,0
31,0
4,0
66,0
70,0
70,0
60,0
20,0
54,0
54,0
84,0
69,0
62,0
59,0
49,0
19,0
13,0
17,0
18,1
18,0
86,0
22,0
4,1
4,0
83,0
70,0
77,0
57,0
38,0
29,0
3,0
2,0
2,0
17,0
58,0
31,0
31,0
87,0
51,0
42,0
27,0
21,0
83,0
66,0
49,0
86,0
61,0
74,0
84,0
69,0
66,0
66,0
64,0
33,0
14,0
15,0
15,0
53,0
64,0
7,1
79,0
4,0
4,0
86,1
85,0
66,0
54,0
54,0
46,0
41,0
41,0
34,0
34,0
34,0
33,0
26,0
22,1
14,0
13,0
12,0
10,0
8,0
2,0
2,0
1,0
72,0
65,0
58,0
54,0
31,0
31,0
30,0
24,0
24,0
17,0
66,0
44,0
14,0
13,0
84,0
24,0
64,0
15,0
59,0
41,0
27,0
22,0
14,0
65,0
47,0
47,0
47,0
65,0
37,0
0,0
68,0
66,0
34,1
75,0
33,0
85,0
17,0
14,0
54,0
44,0
32,0
24,0
12,0
88,0
75,0
66,0
47,0
54,1
22,0
81,0
81,0
81,0
81,0
66,0
60,0
32,0
81,0
53,0
38,0
26,0
79,0
79,0
77,0
58,0
49,0
36,0
36,0
32,0
30,0
22,0
5,1
61,0
13,0
19,0
5,0
1,0
85,0
85,0
66,0
82,1
56,0
34,0
33,0
2,0
0,0
49,0
30,1
14,0
61,0
59,0
59,0
59,0
59,0
58,0
49,0
49,0
49,0
35,0
34,0
34,0
24,0
23,0
23,1
21,0
20,0
78,0
77,0
49,0
38,0
20,0
21,0
24,0
82,0
83,0
76,0
41,1
41,1
21,0
8,0
84,0
19,0
16,0
13,0
23,0
8,0
2,0
87,0
78,0
61,0
53,0
51,0
32,0
7,0
1,0
61,1
59,0
48,0
48,0
39,0
38,0
38,0
75,0
0,0
65,0
59,0
78,0
66,1
55,0
55,0
54,0
29,0
28,0
7,0
87,0
62,0
52,0
37,0
30,1
26,0
15,0
14,0
12,0
10,0
4,0
4,0
50,0
21,0
11,0
11,0
11,0
0,0
17,0
86,0
29,0
83,0
74,0
73,0
66,0
51,0
12,0
6,0
6,0
