155,0
112,0
133,0
149,0
124,0
83,0
81,0
81,0
146,0
124,0
99,0
99,0
121,0
145,0
128,0
70,0
156,0
156,0
154,1
134,0
92,1
154,0
136,0
72,0
104,0
76,0
82,0
140,0
134,1
144,0
117,0
71,0
106,0
100,0
108,0
117,0
99,0
71,0
148,0
120,0
146,0
129,0
130,0
123,0
149,0
146,0
142,0
141,0
139,0
139,0
138,0
135,0
132,0
128,0
125,0
121,0
118,0
117,0
110,0
108,0
104,0
103,0
103,0
102,0
102,0
97,0
96,0
85,0
83,0
81,0
75,0
74,0
72,0
69,0
106,0
106,0
105,0
142,0
133,0
126,0
119,0
119,0
119,0
127,0
152,0
151,0
138,0
123,0
94,0
141,0
100,0
95,0
152,0
128,0
128,0
128,0
123,0
93,0
99,0
91,0
125,0
118,0
73,0
155,0
106,0
124,0
112,0
107,0
88,0
122,0
137,0
105,0
96,0
111,1
128,0
73,0
133,0
85,0
147,0
110,0
95,0
141,0
84,0
139,0
93,0
93,0
150,0
110,0
92,0
92,1
125,0
148,0
77,0
156,1
149,0
79,0
79,0
128,0
128,0
122,0
113,0
74,0
153,0
111,0
99,0
96,0
91,0
83,0
117,0
94,0
79,0
119,0
119,0
113,0
84,0
71,0
156,0
156,1
152,0
145,0
134,0
138,0
155,0
99,0
85,0
77,0
154,0
143,0
139,0
84,0
156,0
150,0
144,0
155,0
151,0
132,0
110,0
107,0
75,0
116,0
148,0
153,0
152,0
150,0
123,0
102,0
98,0
72,0
125,0
153,0
119,0
113,0
127,0
126,0
69,0
69,0
148,0
148,0
156,0
152,0
151,0
121,0
103,0
102,0
102,0
93,0
93,0
150,1
96,0
86,0
75,0
129,0
78,0
149,0
142,0
129,0
134,0
114,0
113,0
103,0
96,0
129,0
77,0
129,0
80,0
76,0
140,0
133,0
127,0
127,0
115,0
115,0
76,0
148,0
141,0
150,0
146,0
142,0
130,0
134,0
116,1
140,1
83,0
75,0
156,0
156,0
150,1
148,0
146,0
137,0
134,0
134,0
133,0
129,1
123,0
122,0
121,0
123,0
148,0
115,0
114,0
90,0
117,0
108,0
98,0
76,0
98,0
70,0
149,0
132,0
124,0
147,0
132,0
114,0
105,0
99,0
99,0
86,0
85,0
70,0
148,0
149,0
129,0
114,0
149,0
145,0
105,0
95,0
129,0
107,0
74,0
129,0
112,0
88,0
157,0
155,0
133,0
120,0
107,0
75,0
110,0
106,0
87,0
87,0
83,0
83,0
