78,0
50,0
23,1
77,0
77,0
73,0
62,0
45,0
45,0
83,0
72,0
7,0
33,0
30,1
22,0
12,0
66,0
57,0
57,0
55,0
55,0
55,0
15,0
37,0
82,0
53,0
21,0
78,0
33,0
33,0
16,0
50,0
85,0
80,0
17,0
7,0
6,1
3,0
84,0
83,0
81,0
77,0
65,0
62,0
61,0
47,0
33,0
33,0
32,0
51,0
63,0
83,0
69,1
68,1
40,0
42,0
34,0
31,0
21,0
0,0
14,0
76,0
68,0
59,0
43,0
17,0
16,0
65,0
50,0
48,0
71,0
60,0
54,0
43,0
42,0
57,0
28,0
1,0
71,0
87,0
75,0
75,0
64,0
83,0
47,0
16,0
39,0
2,0
1,0
0,0
14,0
22,0
10,0
80,0
49,0
23,0
27,0
3,0
52,1
43,0
2,0
86,0
78,0
54,0
21,0
55,0
27,0
44,0
83,0
83,0
9,0
79,0
89,0
69,0
86,0
66,0
66,0
64,0
60,0
52,0
52,0
52,0
52,0
48,0
32,0
21,0
85,0
85,0
82,0
49,0
12,0
89,0
72,1
27,1
27,1
88,0
8,0
30,0
31,0
83,0
39,0
74,0
28,0
17,0
14,0
4,0
39,0
63,0
50,0
25,0
21,0
10,0
8,0
7,0
1,0
0,0
0,1
84,0
36,0
89,0
31,1
27,0
19,0
48,0
60,0
83,0
38,0
31,0
87,0
50,0
41,0
33,0
13,0
10,0
6,0
5,0
4,0
4,0
1,0
25,0
5,0
55,0
86,0
68,0
15,0
2,0
0,0
80,0
70,0
62,0
40,0
14,0
12,0
87,0
87,0
86,0
86,0
48,0
39,0
39,0
17,0
15,0
72,1
59,0
55,0
53,0
16,0
5,0
88,0
72,0
70,0
63,0
71,0
1,0
66,0
65,0
73,1
82,0
39,0
4,0
35,0
0,0
78,0
7,0
53,0
34,0
34,0
2,0
82,0
82,0
81,0
79,0
74,0
64,0
60,0
46,0
41,0
36,0
36,0
0,0
0,1
15,0
15,0
15,0
62,0
48,0
64,0
32,0
32,0
89,0
12,0
0,0
34,0
13,0
80,0
80,0
72,1
4,0
72,0
6,0
