77,0
76,0
74,0
85,0
55,0
49,0
43,0
37,0
33,0
14,0
7,0
5,0
79,0
31,0
19,0
19,0
13,0
2,0
40,0
29,0
24,0
22,0
12,0
16,0
71,0
85,0
77,0
51,0
51,0
47,0
41,0
38,0
38,0
37,0
37,0
37,0
37,0
37,0
37,0
36,0
36,0
36,0
35,0
35,0
34,0
33,1
18,0
7,1
70,1
87,0
66,0
10,0
3,0
0,0
61,0
58,0
23,0
44,0
22,0
80,0
80,0
78,0
78,0
74,0
69,0
67,0
67,0
66,0
65,0
65,0
64,0
64,0
62,0
58,0
56,0
48,0
28,0
22,0
21,0
21,0
15,0
15,0
10,0
6,0
0,0
0,1
24,0
76,0
67,0
57,0
47,0
31,0
28,0
24,0
51,1
24,0
22,0
4,0
3,0
67,0
67,0
66,0
65,0
65,1
61,0
61,0
59,0
56,0
56,0
53,0
53,0
52,0
50,0
50,0
49,0
44,0
43,0
43,0
38,0
36,0
36,0
31,0
29,0
26,0
50,0
77,0
57,0
52,0
36,0
7,0
74,0
54,0
46,0
77,0
77,0
70,0
67,0
63,0
61,0
61,0
50,0
50,1
50,0
68,0
67,0
50,0
32,0
27,0
9,0
78,0
1,0
71,0
71,0
66,0
35,0
35,0
24,0
9,0
1,0
3,0
89,0
89,0
87,0
85,0
85,0
71,0
63,0
63,0
63,0
55,0
55,0
52,1
52,0
49,0
48,0
46,0
39,0
37,0
26,0
26,0
24,0
23,0
23,0
19,0
13,0
80,0
76,0
70,0
29,0
24,0
22,0
7,0
77,0
77,0
78,0
61,1
59,0
88,0
77,0
33,0
90,0
69,0
69,0
9,0
65,0
65,0
37,0
38,0
73,0
67,0
54,0
30,0
29,0
28,0
12,0
34,0
75,0
41,0
49,0
87,0
86,0
77,0
35,0
76,0
56,0
13,0
56,0
66,0
62,0
15,0
27,0
81,0
77,0
66,0
43,0
43,0
36,0
35,0
35,1
30,0
29,0
28,0
1,0
1,0
36,0
25,1
20,1
53,1
0,0
63,0
61,0
34,0
14,0
3,0
70,0
33,0
16,0
13,0
13,0
70,0
69,0
46,0
54,0
35,0
15,0
71,1
43,0
35,0
32,0
25,0
8,0
6,0
81,0
81,0
70,0
50,0
9,0
22,0
22,0
22,0
22,0
0,0
85,0
42,0
1,0
37,0
25,0
58,0
42,0
23,0
73,0
61,0
59,0
77,1
41,0
29,1
70,0
28,0
50,0
22,0
74,0
62,0
41,1
35,0
34,0
32,0
27,0
20,0
1,0
5,0
0,0
86,0
55,0
26,0
12,0
3,0
45,0
42,0
42,1
17,0
16,0
13,0
11,0
68,0
28,0
8,0
59,0
59,0
6,0
33,0
28,0
21,0
89,0
55,0
54,0
56,0
56,0
50,0
52,0
49,0
49,0
44,0
66,0
65,0
12,0
58,0
86,0
34,0
78,0
61,0
50,0
50,0
48,0
28,0
86,0
63,0
56,0
32,0
32,0
22,0
32,0
32,0
18,0
15,0
76,0
25,0
10,0
74,0
69,0
34,0
65,0
88,0
87,0
