51,0
73,0
73,0
39,0
22,0
33,0
40,0
31,0
25,0
25,0
25,0
19,0
65,0
56,0
56,0
54,0
36,0
24,0
56,0
53,0
24,0
17,0
85,1
26,0
86,0
85,0
80,1
75,0
74,0
66,0
63,0
62,0
56,0
54,0
53,0
50,0
33,1
33,0
24,0
24,0
4,0
4,0
3,0
58,0
56,0
49,0
49,0
50,0
32,0
14,0
4,0
-2,0
73,0
65,0
65,0
63,0
36,0
36,0
29,0
56,0
49,0
39,0
12,1
57,0
57,0
48,0
75,0
47,0
-2,0
37,0
13,1
48,0
5,0
77,0
77,0
66,0
49,1
40,0
21,0
66,0
66,0
66,0
66,0
32,0
46,0
27,0
75,0
56,0
71,0
69,0
68,1
67,0
66,0
52,0
52,0
43,0
42,0
35,0
35,0
35,0
31,0
16,0
9,0
5,0
3,0
3,0
