89,0
83,0
70,0
66,0
43,0
15,0
10,1
61,0
85,0
24,0
82,0
81,0
62,0
53,0
33,0
33,0
31,0
26,0
22,0
18,1
17,0
15,0
11,0
6,0
72,0
48,0
48,0
48,0
43,0
13,0
54,0
21,0
3,0
1,1
33,0
33,0
2,0
80,0
76,0
72,0
66,0
66,0
66,0
64,0
63,0
56,0
49,0
49,0
43,0
43,0
39,0
39,0
32,0
29,0
18,0
17,0
15,0
11,0
9,0
81,0
80,0
64,0
58,0
52,0
46,0
46,0
25,0
25,0
25,0
23,0
19,0
11,0
11,0
9,0
7,0
25,0
74,0
53,0
82,0
8,0
61,1
48,0
46,0
45,0
36,0
11,0
9,0
62,0
52,0
62,0
56,0
49,0
49,0
18,0
69,0
67,0
35,0
29,0
19,0
31,0
82,0
69,0
68,0
62,0
61,0
54,0
3,0
33,0
80,0
60,0
60,0
45,0
45,0
43,0
43,0
43,0
32,0
26,0
20,0
11,0
82,0
19,0
22,0
38,0
34,0
72,0
72,0
46,0
54,0
54,0
49,0
30,0
