73,0
51,0
44,0
37,0
31,1
22,0
22,0
22,0
15,0
14,0
12,0
62,0
60,0
18,0
69,0
62,0
13,0
26,0
89,0
37,0
53,0
45,0
1,0
36,0
87,0
87,0
86,0
81,0
65,0
59,0
57,0
53,0
47,1
45,0
25,0
10,0
82,0
78,0
77,0
77,0
72,0
65,0
63,0
60,0
60,0
60,0
60,0
59,0
59,0
59,0
56,0
56,0
43,0
33,0
32,0
32,0
32,0
32,0
32,0
30,0
29,0
20,0
37,0
31,0
27,0
27,1
57,0
42,0
27,0
41,0
79,0
65,0
43,0
43,0
10,0
57,0
49,0
64,0
39,0
81,0
68,0
53,1
38,1
88,0
88,0
49,0
15,0
74,0
57,0
5,0
5,0
68,0
5,0
37,0
33,1
89,0
89,0
87,0
87,0
87,0
87,0
87,0
86,0
81,0
39,0
31,0
20,0
88,0
86,0
86,0
83,0
76,0
72,0
64,0
53,0
48,0
33,0
19,0
19,0
84,0
84,1
83,0
79,0
52,0
82,0
65,0
88,0
12,0
0,0
32,0
86,0
86,0
86,0
86,0
84,0
42,0
80,0
89,0
88,0
61,0
61,0
61,0
86,0
66,0
66,0
53,0
53,0
34,0
73,0
3,0
3,0
75,0
49,0
48,0
46,0
21,0
19,0
17,0
10,0
9,0
2,0
82,0
71,1
14,0
51,0
55,0
7,0
9,0
49,0
35,0
5,0
88,0
64,0
60,0
46,0
44,0
42,0
26,0
18,0
87,1
87,1
82,1
81,0
81,0
77,1
73,0
59,0
86,0
86,0
84,0
82,0
82,0
82,0
81,0
81,1
76,0
68,0
63,0
60,0
59,0
52,0
47,0
47,0
42,0
40,0
40,0
40,0
36,0
35,0
35,0
35,0
34,0
29,0
28,0
28,0
25,0
25,0
20,0
18,0
18,0
28,0
48,0
37,0
35,0
31,0
31,0
28,0
27,0
7,0
45,0
86,0
85,0
73,0
46,0
46,0
29,0
29,0
64,0
88,0
36,0
26,0
14,1
46,0
75,0
6,0
1,0
81,0
80,0
67,0
50,0
15,0
0,0
54,0
33,0
75,0
59,0
40,0
24,0
24,0
1,0
1,0
0,0
82,0
58,0
54,0
12,0
70,0
81,0
81,0
80,0
78,0
55,0
53,1
44,0
39,0
28,0
87,0
77,0
71,0
68,0
63,0
51,0
9,0
84,0
80,0
73,0
73,0
65,0
24,1
89,0
82,0
79,0
61,0
55,0
55,0
51,0
44,0
15,0
10,0
31,0
87,0
82,0
49,0
49,0
24,0
12,0
89,0
68,0
68,0
56,0
9,0
3,0
82,0
77,0
66,0
51,1
51,0
49,0
49,0
47,0
45,0
38,0
32,0
17,0
15,0
11,0
9,0
87,0
77,0
74,0
74,0
64,0
62,0
62,0
60,0
53,0
48,0
58,0
69,0
61,0
81,0
77,0
35,1
24,0
15,0
6,0
16,1
47,0
47,1
46,0
50,0
49,0
39,0
39,0
30,0
73,0
51,0
51,0
51,0
86,0
62,0
56,0
41,0
89,0
76,0
75,0
74,0
74,0
74,0
60,0
87,0
82,1
76,0
59,0
9,0
9,0
2,0
86,0
26,0
25,0
18,0
6,0
5,0
5,0
1,0
83,0
52,0
28,0
28,0
16,0
88,0
87,0
67,0
67,0
66,0
66,0
66,0
66,0
66,0
66,0
65,0
64,0
63,0
61,0
61,0
61,0
60,0
60,0
59,0
59,0
59,1
78,0
46,0
44,0
30,0
30,0
25,0
25,0
20,0
20,0
13,0
9,0
8,0
62,0
57,0
1,0
75,0
7,0
7,0
5,0
42,0
68,0
68,0
52,0
48,0
47,0
46,0
45,0
44,0
43,0
5,0
3,0
3,0
2,0
2,0
2,0
0,0
67,0
78,0
54,0
54,0
51,0
41,0
37,0
27,0
25,0
25,0
54,0
54,0
40,0
36,0
31,0
30,0
26,0
26,0
59,0
27,0
59,0
55,0
52,0
52,0
48,0
47,0
46,0
39,0
38,0
38,0
34,0
32,0
25,0
1,0
78,0
71,0
55,0
54,0
54,0
51,0
51,0
40,0
27,0
14,0
78,0
45,0
45,0
45,0
45,0
41,0
41,0
46,0
80,0
79,0
70,0
64,0
45,0
36,0
32,0
28,0
28,0
48,0
47,0
45,0
38,0
26,0
24,0
19,0
10,0
51,0
36,0
51,0
50,0
18,0
17,0
7,0
1,0
70,0
58,0
35,0
80,1
80,0
68,0
40,0
13,0
14,0
55,0
39,0
36,0
21,0
16,0
35,0
35,0
15,0
78,0
72,0
69,0
57,0
38,0
57,0
79,0
64,0
64,0
48,0
45,0
46,0
43,0
39,0
67,0
65,0
83,0
39,0
39,0
39,1
37,0
35,0
35,0
29,0
29,0
27,0
25,0
23,0
22,0
16,0
13,0
9,0
2,0
0,0
86,0
56,0
47,0
46,0
3,0
20,0
12,0
3,0
3,0
4,0
57,0
57,0
57,0
49,0
39,0
36,0
21,0
0,0
88,0
80,0
75,0
30,0
17,1
87,0
71,0
37,0
12,0
11,0
10,0
9,0
8,0
2,0
0,0
72,0
45,0
48,0
32,0
25,0
79,0
73,0
71,0
71,1
71,0
70,0
70,0
70,1
65,0
65,0
61,0
61,0
58,0
58,0
55,0
42,0
34,0
31,0
19,0
13,0
4,0
83,0
83,0
74,0
63,0
18,0
14,0
11,0
35,0
32,0
20,0
18,0
45,0
29,0
29,0
89,0
6,0
79,0
64,0
61,0
50,0
42,0
33,0
57,0
41,0
61,0
59,0
22,0
83,0
29,0
6,0
2,0
61,0
49,0
47,0
22,0
51,0
40,0
27,0
18,0
67,0
9,0
24,0
18,0
85,0
82,0
76,0
66,0
66,0
83,0
78,0
77,0
73,0
66,0
65,0
65,0
13,0
86,0
86,0
48,0
41,1
36,1
36,0
17,1
3,0
25,0
39,0
22,0
22,0
22,0
22,0
21,0
13,0
12,0
12,0
11,0
7,0
63,0
67,0
67,0
56,0
2,0
30,0
8,1
8,1
2,0
1,0
47,0
32,0
67,0
47,0
18,0
68,0
36,0
67,0
58,0
51,0
51,0
34,0
33,0
33,0
32,0
64,0
79,0
79,0
43,0
15,0
8,0
71,0
33,0
63,0
77,0
31,0
27,0
21,0
15,0
15,0
15,0
15,0
74,1
0,1
29,0
26,0
55,0
59,0
85,0
77,0
72,0
61,0
58,0
58,0
58,0
58,0
58,0
58,0
46,1
33,0
32,0
29,0
20,0
19,0
53,0
75,0
77,0
62,0
19,0
50,0
38,0
13,0
4,0
69,1
45,0
44,0
78,0
75,0
74,0
72,0
72,0
66,0
66,0
66,0
25,0
8,0
37,0
83,0
10,0
6,0
26,0
9,0
78,0
78,0
89,0
58,0
87,0
76,1
82,0
19,0
42,0
40,0
33,0
81,0
26,0
17,0
4,0
1,0
30,0
21,0
19,0
18,0
12,0
7,0
7,0
88,1
88,0
78,0
72,0
72,0
72,0
72,1
72,0
72,0
68,0
63,0
27,0
4,1
82,0
81,0
59,0
45,0
34,0
29,0
14,0
3,0
0,0
0,0
69,1
14,0
76,1
74,0
59,0
59,0
59,0
89,0
83,0
76,0
76,0
25,0
7,0
7,0
44,0
32,0
20,0
5,0
4,0
1,0
68,0
6,0
5,0
0,0
86,0
72,0
32,0
54,0
47,0
27,0
27,1
27,0
27,1
19,0
18,0
18,0
18,0
11,0
4,1
4,0
2,0
28,0
62,0
19,0
5,1
77,0
69,0
69,0
65,0
63,0
53,0
52,0
50,0
44,0
44,1
42,0
36,0
29,0
19,0
19,1
17,0
3,0
38,0
14,0
14,0
52,0
52,0
59,0
59,0
82,0
32,0
80,0
77,0
39,0
4,0
89,0
83,0
71,0
64,0
85,0
84,0
80,0
79,1
57,1
49,0
40,0
40,0
27,1
25,1
84,1
66,0
32,0
29,1
21,0
16,0
10,0
45,0
8,0
2,0
45,0
39,0
85,0
30,0
8,0
88,0
7,0
