42,0
75,0
51,0
4,0
78,0
47,0
45,1
87,0
81,0
27,0
20,0
14,0
14,0
13,0
9,0
5,0
5,0
4,0
79,0
84,0
26,0
18,0
18,0
14,0
6,0
1,0
0,0
86,0
82,0
82,1
82,1
78,0
78,0
71,0
71,0
67,0
82,0
30,0
62,0
62,0
55,0
38,0
16,0
65,0
48,0
9,1
5,0
68,0
28,1
5,0
55,0
41,0
37,0
79,0
77,0
76,0
67,0
66,0
66,0
64,0
62,0
60,0
49,0
34,0
34,0
19,0
19,0
58,0
29,0
22,0
33,0
56,0
39,0
16,0
88,0
85,0
44,0
68,0
88,0
45,0
35,0
21,0
8,0
84,0
62,0
73,0
72,0
72,0
89,0
79,0
75,0
72,0
71,0
67,0
67,0
59,0
41,0
38,0
89,0
88,0
11,0
82,0
77,0
37,0
5,0
4,0
4,0
84,0
40,0
8,0
3,0
61,0
9,0
26,0
50,0
12,0
4,0
0,0
59,0
3,0
82,1
79,0
76,0
87,0
79,0
50,0
50,0
1,0
1,1
17,0
4,0
48,1
33,0
76,0
39,0
50,0
50,0
17,0
67,0
30,0
29,0
22,0
82,0
33,0
65,0
53,0
52,0
44,0
35,0
35,0
28,0
27,0
15,0
60,0
60,0
59,0
79,0
77,0
69,0
55,0
84,0
23,0
5,0
56,0
34,0
85,0
81,0
81,0
74,0
74,0
84,0
63,0
37,0
86,0
86,0
42,0
4,0
72,0
72,0
72,0
78,0
73,0
33,0
28,0
26,0
11,0
4,0
56,0
56,0
15,0
15,0
85,0
57,0
19,0
2,0
12,0
0,0
86,0
83,0
86,0
62,0
56,0
56,0
46,0
38,0
69,0
88,0
66,0
66,0
47,1
47,1
47,0
36,0
82,0
82,0
88,0
57,0
49,0
35,0
69,0
50,0
62,0
41,0
37,0
86,0
79,0
69,0
19,0
13,0
76,0
59,0
56,0
50,0
44,0
63,0
1,0
53,0
13,0
6,0
74,0
62,0
33,0
33,0
31,0
26,0
0,0
84,0
84,0
61,0
32,0
19,0
11,0
70,0
67,0
42,0
41,0
62,0
60,0
41,0
5,0
34,0
78,0
40,0
31,0
22,0
65,0
89,0
87,0
82,0
82,0
80,0
80,0
74,0
66,0
47,0
46,0
46,0
