59,0
51,0
29,1
56,0
77,0
88,0
67,0
64,0
64,0
64,0
21,0
26,0
48,0
78,0
76,0
57,0
52,0
46,0
46,0
9,0
81,0
74,0
61,0
53,0
53,0
50,0
47,0
47,0
4,0
82,0
79,0
77,0
75,0
45,0
17,0
17,0
79,1
70,1
69,1
69,1
63,0
22,0
16,0
7,0
83,0
82,0
62,0
52,0
52,0
50,0
36,0
11,0
10,0
78,0
88,0
57,0
69,0
32,0
27,0
18,0
11,0
6,0
27,0
86,0
47,0
26,0
30,0
81,0
64,0
16,0
14,0
6,0
3,0
88,0
20,0
54,0
48,0
48,0
42,0
12,0
0,0
45,0
81,0
23,0
89,0
89,1
87,0
85,0
83,0
82,0
82,0
82,0
81,0
81,0
81,0
80,0
79,0
78,0
78,0
77,0
71,0
69,0
68,0
68,0
68,0
68,0
68,0
66,0
66,0
65,0
60,0
60,0
60,0
58,0
56,0
55,0
54,0
53,0
51,0
51,0
49,0
48,0
48,0
47,0
45,0
43,0
43,0
43,0
43,0
42,0
42,0
42,0
41,0
41,0
41,0
40,0
38,0
37,0
34,0
30,0
28,0
26,0
26,0
26,0
26,0
26,0
26,0
22,0
19,0
19,0
19,0
19,0
19,0
17,0
17,0
16,0
16,0
15,0
15,0
75,0
27,0
70,0
19,0
18,0
42,0
39,0
26,0
24,0
61,0
61,0
56,0
12,0
6,0
21,1
15,0
8,0
78,0
24,0
74,0
53,0
29,0
23,0
17,0
12,0
12,0
4,0
35,0
73,0
60,0
54,0
41,0
28,0
28,1
9,0
9,0
6,1
35,0
32,0
46,0
21,0
85,0
85,0
81,0
46,0
38,0
36,0
33,0
29,0
13,0
7,0
6,1
85,0
53,0
40,0
28,0
81,1
76,0
68,0
42,0
2,0
0,0
84,0
34,0
76,0
76,1
29,0
25,0
60,0
60,0
26,0
31,0
31,0
31,0
19,0
3,0
74,0
62,0
61,0
1,0
83,0
16,0
23,0
81,0
31,0
7,0
7,0
71,0
15,0
