63,0
26,0
12,0
10,0
38,0
70,0
15,1
84,0
65,0
61,0
60,0
55,0
54,0
49,0
8,0
1,0
71,0
54,0
36,0
25,0
89,0
85,0
54,0
58,0
44,0
44,0
26,1
11,0
0,0
61,1
31,0
7,0
60,0
6,0
88,0
2,0
77,0
65,0
64,0
60,0
35,0
28,0
14,0
11,0
70,0
79,0
70,0
46,0
90,0
83,0
79,0
70,0
66,0
63,0
63,0
60,0
60,0
60,0
72,0
68,0
61,0
54,0
6,0
6,0
85,0
54,0
65,0
61,0
52,0
33,0
49,0
29,0
25,0
21,0
1,0
13,0
12,0
12,1
67,0
63,0
62,0
50,0
35,0
27,0
21,0
13,0
8,0
5,0
84,0
84,1
56,0
20,0
20,0
8,0
0,0
15,0
85,0
79,0
25,0
86,0
79,1
79,0
77,0
68,0
61,0
60,0
60,0
52,0
48,0
48,0
29,0
24,0
23,0
13,1
80,0
80,0
74,0
70,0
70,0
50,0
30,0
24,0
24,0
17,0
23,0
21,0
14,0
10,1
27,0
27,0
25,0
24,0
9,0
5,0
5,0
4,0
3,0
26,0
19,0
2,0
2,0
78,0
26,0
80,0
80,0
11,0
68,0
63,0
61,0
43,0
75,0
70,0
5,0
37,1
86,0
84,1
81,0
80,0
27,0
27,0
21,0
1,0
0,0
87,0
69,0
69,0
71,0
70,1
62,0
53,0
40,0
39,1
27,1
27,0
24,0
17,0
16,0
13,0
0,1
6,0
74,0
68,0
54,0
47,0
47,0
6,0
78,0
40,0
36,0
33,0
19,0
16,0
12,0
7,0
83,0
56,0
84,0
21,0
12,0
88,0
64,0
89,0
89,0
76,0
19,0
77,0
73,0
66,0
61,0
56,0
29,0
29,0
12,0
10,0
4,0
61,0
57,0
57,0
56,0
31,0
18,0
15,0
0,1
60,1
35,0
11,0
90,0
21,0
1,0
28,1
12,0
50,0
49,0
90,0
88,0
26,0
83,0
42,0
45,0
44,0
42,0
42,0
13,0
4,0
83,1
82,0
74,0
74,0
70,0
67,0
67,0
66,0
63,0
59,0
57,0
57,0
57,0
56,1
54,0
54,0
52,0
52,1
50,0
46,0
46,0
44,0
44,0
44,0
43,0
43,1
40,1
40,0
39,0
38,0
38,0
38,0
37,0
37,0
36,0
35,0
35,0
34,0
34,1
34,0
34,0
34,0
33,0
33,0
33,0
33,0
33,0
32,0
32,0
31,1
31,0
31,0
30,0
29,0
29,0
29,0
29,0
28,0
27,1
27,0
27,0
27,0
27,0
27,0
26,0
26,0
25,0
25,0
24,0
24,1
24,0
24,0
24,0
23,0
23,0
22,1
22,0
20,0
20,0
20,0
20,0
20,0
20,0
19,0
19,0
18,0
17,1
16,0
15,1
15,0
14,0
12,0
11,0
10,0
9,0
9,0
8,0
8,0
7,0
7,0
7,0
6,0
6,0
6,0
5,0
5,0
5,0
4,0
4,0
4,0
3,0
1,0
1,0
1,0
0,0
0,0
90,0
90,0
76,0
11,0
54,0
42,0
12,0
8,0
8,0
66,0
62,0
62,0
39,0
29,0
26,0
11,0
73,0
83,0
47,1
11,1
75,0
50,0
45,0
45,0
20,0
5,0
4,0
2,0
49,0
88,0
82,0
69,0
69,0
69,0
69,0
71,0
63,0
57,0
51,0
26,0
22,0
11,0
16,0
56,0
25,0
49,0
44,0
44,0
33,0
40,0
89,0
54,0
45,0
41,0
41,0
38,0
37,0
16,0
11,0
1,1
73,0
69,0
69,0
62,0
58,0
54,0
53,0
50,0
84,0
77,1
77,1
48,0
59,0
38,0
38,0
38,0
75,0
5,0
63,0
24,0
20,0
90,0
61,0
8,0
68,0
40,0
11,1
11,1
51,0
1,0
1,0
90,0
87,0
62,0
47,0
47,0
30,0
64,0
25,0
12,0
11,0
6,0
16,0
61,0
26,0
27,0
14,0
35,0
