82,0
78,0
62,0
75,0
75,0
52,0
47,0
23,0
88,0
59,0
69,0
54,0
54,0
80,0
14,0
10,0
2,0
2,0
77,0
53,0
30,0
28,0
7,0
1,0
87,0
53,0
18,0
22,0
3,0
89,0
87,0
82,0
81,0
80,0
79,0
78,0
77,0
71,0
63,0
55,0
52,0
44,0
42,0
39,0
36,0
31,0
31,1
25,0
25,0
23,0
22,0
10,0
6,0
1,0
88,0
88,0
88,0
62,0
32,0
58,0
10,0
83,0
79,0
77,0
58,0
58,0
53,0
51,0
42,0
39,0
39,0
39,0
39,0
39,0
38,0
38,0
38,0
38,0
37,0
34,0
33,0
32,0
32,1
31,0
31,0
30,0
70,0
31,0
86,0
38,0
81,0
17,0
8,0
83,0
56,0
54,0
52,0
7,0
85,0
78,0
73,0
73,0
71,0
73,0
56,0
45,0
43,0
23,0
29,0
25,0
6,0
78,1
72,0
71,1
59,1
17,0
17,0
1,0
83,0
83,0
49,0
47,0
30,0
30,0
23,0
21,0
18,0
10,0
45,0
78,0
74,0
65,0
39,0
37,0
28,0
28,0
24,0
23,0
18,0
1,0
0,0
0,0
89,0
69,0
61,0
80,0
80,0
68,0
67,0
65,0
49,0
45,0
45,0
27,0
20,0
20,0
7,0
88,0
63,0
16,0
76,0
53,0
78,0
64,0
64,0
34,0
32,0
21,0
88,0
79,0
36,0
34,0
31,0
31,0
18,0
12,0
79,0
1,0
32,0
68,0
67,0
59,0
45,0
43,0
50,0
50,0
8,0
79,0
66,0
18,0
36,0
4,0
4,0
4,0
59,0
88,0
88,0
85,0
78,1
72,0
72,0
66,0
66,0
63,0
59,0
51,0
48,0
47,0
47,0
40,0
27,0
23,1
78,0
20,0
52,1
29,0
78,0
30,0
4,0
2,0
73,0
