79,0
55,0
55,0
48,0
48,0
48,0
48,0
48,0
48,0
48,0
48,0
48,0
48,0
48,0
48,0
48,0
36,0
36,0
28,0
25,1
23,0
15,0
83,0
78,0
43,0
39,0
39,0
24,0
5,1
68,0
80,0
60,0
21,0
59,0
45,0
20,1
71,0
52,0
79,0
77,0
38,0
28,0
19,0
14,0
54,0
51,0
51,0
47,0
18,0
15,0
3,0
59,1
61,0
59,0
13,0
13,0
89,0
89,0
80,1
68,0
56,0
55,0
6,0
86,0
81,0
37,1
32,0
23,0
22,0
11,0
74,0
11,0
72,0
50,0
50,0
50,0
50,0
5,0
61,0
85,0
81,0
77,0
10,0
6,0
83,0
78,0
78,0
59,0
44,0
33,0
16,0
71,0
71,0
68,0
49,0
41,0
58,0
53,0
52,0
31,0
31,0
29,0
89,0
89,0
89,0
88,0
88,0
88,0
88,0
88,0
88,0
76,0
71,0
68,0
67,0
67,0
66,0
64,0
64,0
63,0
62,0
62,0
62,0
62,0
24,0
15,0
86,0
79,0
76,0
76,0
76,0
69,0
60,0
35,0
35,0
24,0
79,0
77,0
73,0
46,0
45,0
5,0
43,0
21,0
86,0
69,0
69,0
31,0
8,0
79,0
79,0
32,0
21,0
18,0
6,0
3,0
20,0
79,0
51,0
5,1
4,1
4,1
17,0
60,0
34,0
90,0
82,0
80,0
80,1
67,0
46,0
23,0
23,0
87,0
86,0
78,0
41,0
38,0
31,0
23,0
18,0
8,0
74,0
51,0
50,0
49,0
43,0
40,0
25,0
19,0
17,0
17,0
17,0
5,0
79,0
79,0
73,0
71,0
64,0
60,0
52,0
32,0
89,0
73,0
52,0
21,0
7,0
7,0
82,0
7,0
64,0
34,0
32,0
32,0
14,0
34,0
50,0
89,0
74,0
71,0
65,0
59,1
26,0
23,0
0,0
61,0
61,0
59,0
54,0
48,0
32,0
32,0
17,0
9,1
4,0
4,0
