76,0
65,0
64,0
64,0
58,0
58,0
36,0
81,0
76,0
68,0
68,0
59,0
59,0
55,0
49,0
47,0
42,0
41,1
40,0
35,0
26,0
23,0
23,0
22,0
19,0
9,0
87,0
85,0
85,0
76,0
76,0
10,0
59,0
55,0
61,0
73,0
72,0
72,0
68,0
63,0
61,0
61,1
57,0
57,0
56,1
49,0
88,0
83,0
75,0
66,0
45,0
33,0
74,0
87,0
80,0
69,0
58,0
49,0
29,0
71,0
52,0
42,0
34,0
31,0
25,0
25,0
23,0
23,0
10,0
64,0
49,0
42,0
28,0
28,0
20,0
17,0
4,0
87,0
77,0
75,0
28,0
76,0
62,0
51,0
9,0
80,0
69,0
64,0
63,0
51,0
46,0
54,0
35,0
26,0
21,0
21,0
20,0
18,0
18,0
17,0
84,0
77,0
63,0
63,0
37,0
34,0
7,0
7,1
5,0
5,0
5,0
4,0
48,0
48,0
28,0
22,0
4,0
25,0
81,0
80,0
74,0
72,0
72,0
64,0
64,0
62,0
49,0
46,0
33,0
32,0
32,0
27,0
24,0
14,0
89,0
61,0
60,0
55,0
36,0
