7,0
64,0
34,0
33,0
33,0
33,0
9,0
50,0
50,0
22,0
4,0
79,0
69,0
57,0
59,0
59,0
77,0
37,0
12,0
1,0
1,0
15,0
1,0
1,0
70,0
25,0
14,0
64,0
73,0
55,0
11,0
7,0
27,0
26,0
24,0
24,0
77,0
77,0
72,0
71,0
62,0
54,0
86,0
86,0
86,0
27,0
21,0
47,0
66,0
86,0
57,0
48,0
37,0
81,0
65,0
63,0
63,0
32,0
14,0
0,0
75,0
66,0
65,0
64,0
47,0
43,0
43,0
30,0
29,0
28,1
25,0
24,0
3,0
34,0
28,0
18,0
1,0
30,0
19,0
88,0
53,0
44,0
37,0
32,0
29,0
22,0
16,0
16,0
70,0
61,1
30,0
9,0
32,1
25,0
24,0
20,0
19,0
19,0
16,0
15,0
0,0
72,0
72,0
18,0
80,0
70,0
61,0
7,0
21,0
75,0
75,0
41,0
30,0
82,1
26,0
75,0
85,0
82,0
79,0
76,0
51,0
43,0
42,0
37,0
24,0
7,0
10,0
50,0
11,0
33,0
9,0
46,0
41,0
28,0
19,0
48,0
33,0
42,0
35,0
20,1
58,0
41,0
0,0
84,1
32,1
32,0
30,0
74,1
30,1
28,0
30,0
19,0
85,0
85,0
61,0
46,0
38,0
26,0
89,1
66,0
38,0
70,0
25,0
20,0
8,0
7,0
31,0
6,0
77,0
74,0
74,0
60,0
43,0
85,0
74,0
56,0
55,0
44,0
35,0
13,0
0,0
59,0
46,0
46,0
64,0
27,0
25,0
25,0
16,0
19,0
9,0
