44,0
86,0
85,0
85,0
65,0
23,0
80,0
80,0
80,0
81,0
27,0
17,0
17,0
17,0
17,0
15,0
14,0
13,0
12,0
12,0
12,0
15,0
15,0
14,0
12,0
66,0
18,0
11,0
12,0
54,0
23,0
12,0
80,0
39,0
16,0
5,0
89,0
85,0
81,0
80,0
68,0
87,0
87,0
87,0
86,0
75,0
53,0
50,0
44,0
25,0
16,0
11,0
11,0
10,0
9,0
3,0
3,0
13,0
38,0
81,0
81,0
73,0
66,0
37,0
16,0
14,0
14,0
1,0
70,0
34,0
51,0
34,0
25,0
87,0
55,0
55,0
66,0
58,0
58,0
45,0
10,0
7,0
17,0
17,0
16,0
11,0
11,0
11,0
11,0
0,0
0,0
74,0
64,0
53,0
53,0
50,0
49,0
48,0
18,0
9,0
7,0
15,0
4,0
2,0
2,0
17,0
42,0
4,0
0,0
13,0
6,0
49,0
35,0
25,0
16,0
12,0
70,0
17,0
17,0
13,0
12,0
8,0
7,0
5,0
15,0
14,0
7,0
6,0
17,0
9,0
9,0
9,0
1,0
