80,0
75,0
73,0
87,0
85,0
75,0
72,0
72,0
68,0
68,0
62,0
57,0
26,0
10,0
8,0
27,0
63,0
46,0
83,0
67,0
31,0
23,0
80,0
72,0
79,0
57,0
57,0
46,0
37,0
29,0
80,0
73,0
72,0
42,0
42,0
88,0
84,0
84,0
82,0
50,0
29,0
22,0
10,0
86,0
86,0
66,0
56,0
51,0
28,0
23,0
89,0
5,0
5,0
82,0
74,0
58,0
54,0
54,0
83,0
56,0
44,0
43,0
39,0
39,0
36,0
30,0
25,1
4,1
79,0
70,0
28,0
18,0
88,0
75,0
83,0
75,0
64,0
46,0
38,0
31,0
25,0
18,0
57,0
34,0
87,0
28,0
54,0
43,0
42,0
36,0
36,0
29,0
29,0
57,0
64,0
28,0
28,0
27,0
27,0
10,0
86,0
65,0
58,0
44,0
23,0
17,0
58,0
77,0
15,0
67,0
25,0
56,0
13,0
13,0
0,0
0,0
86,0
47,0
85,0
30,0
30,0
28,0
28,0
27,0
27,0
87,0
79,1
79,0
79,1
70,0
64,0
61,0
49,0
54,0
25,0
25,0
25,0
22,0
22,0
