7,1
75,0
70,0
56,0
31,1
26,1
66,0
41,0
41,0
41,0
46,1
34,1
31,1
29,1
29,1
26,1
14,1
78,1
77,1
75,1
75,1
75,1
75,1
75,1
72,1
71,1
70,1
70,1
70,1
66,1
66,1
65,1
65,1
64,1
64,1
63,1
61,0
61,1
61,1
61,0
59,1
57,1
55,1
55,1
55,0
54,1
54,1
54,1
53,1
53,1
45,1
43,1
43,1
35,1
35,1
35,1
35,1
34,0
34,1
34,1
34,1
34,1
34,1
34,1
34,1
34,1
31,1
31,1
31,1
31,1
31,1
28,1
28,1
28,1
28,1
27,1
27,1
27,1
22,1
19,1
19,1
19,1
19,1
17,1
17,1
17,1
17,1
17,1
15,1
14,1
14,0
13,1
13,1
13,1
13,1
13,1
12,1
12,1
12,1
12,1
12,1
12,1
12,1
12,1
12,1
12,1
11,1
11,1
11,1
11,1
11,1
11,1
11,0
11,1
11,1
11,1
11,1
11,1
11,1
11,1
11,1
11,1
63,0
62,1
24,0
7,0
4,0
2,1
83,1
55,1
27,1
57,1
22,1
6,1
56,0
41,1
79,0
79,0
75,1
73,1
55,1
54,0
51,0
51,0
48,1
48,1
48,0
48,0
45,1
45,1
45,0
45,0
40,0
34,0
33,0
23,1
22,0
18,0
18,1
15,1
15,0
15,1
15,0
15,0
15,0
15,0
15,0
10,0
8,0
8,0
7,0
7,0
4,1
2,1
16,1
10,1
9,1
9,1
9,1
58,0
58,0
49,0
22,1
71,0
70,0
69,0
88,0
71,1
68,1
42,0
56,1
71,0
70,1
70,1
67,1
55,1
37,1
32,1
9,1
18,1
58,1
42,0
89,1
86,1
86,1
80,1
80,1
73,1
73,1
71,1
71,1
71,1
70,1
70,1
64,0
62,1
60,1
59,1
58,1
55,1
55,1
55,1
54,1
54,1
54,1
50,1
48,1
47,1
43,1
43,1
38,1
37,1
37,1
37,1
36,1
36,1
36,1
36,1
32,1
31,1
31,1
31,1
31,1
30,1
29,1
28,1
28,1
27,0
27,1
22,0
22,0
20,1
20,0
18,1
15,1
14,1
13,1
12,1
12,1
10,0
10,1
8,1
8,1
6,1
3,1
2,1
87,1
9,0
73,0
32,0
4,0
56,1
55,1
54,1
53,1
52,1
51,1
50,1
49,1
48,1
47,1
46,1
45,1
44,1
43,1
42,1
41,1
40,1
39,1
38,1
37,1
36,1
35,1
34,1
33,1
32,1
31,1
30,1
29,1
28,1
27,1
26,1
25,1
24,1
23,1
22,1
21,1
20,1
19,1
18,1
17,1
16,1
15,1
14,1
13,1
12,1
11,1
10,1
9,1
8,1
7,1
6,1
5,1
4,1
3,1
2,1
1,1
0,1
7,1
89,1
85,1
78,1
75,1
71,1
69,1
68,1
68,1
66,1
65,1
64,1
62,1
61,1
57,1
56,1
54,1
52,1
50,1
50,1
50,1
47,1
44,1
41,1
36,1
35,1
33,1
32,1
30,1
30,1
30,1
28,1
27,1
26,1
22,1
19,1
16,1
15,1
12,1
11,1
11,0
5,1
2,1
1,1
75,0
42,0
80,0
87,0
86,0
86,0
86,0
86,0
86,0
86,0
79,0
78,0
71,1
44,0
44,1
42,1
28,1
20,0
84,1
84,0
83,1
83,1
83,1
68,0
68,0
67,1
67,1
54,1
54,1
54,0
54,1
51,0
51,1
51,0
50,1
49,1
49,1
45,0
45,1
44,1
44,1
37,1
37,1
37,0
37,0
36,1
36,1
36,0
36,1
33,1
33,0
32,0
30,1
30,1
24,0
24,0
24,1
24,1
24,1
21,0
21,1
21,1
18,1
17,1
16,0
16,0
16,0
15,1
15,1
14,0
14,1
14,1
14,0
12,1
11,1
10,0
9,1
8,1
6,1
5,1
5,1
4,1
4,1
4,1
4,1
2,0
0,0
