74,0
69,0
39,0
17,0
77,0
74,0
71,0
70,0
67,0
67,0
67,0
67,0
60,0
59,0
54,1
53,0
52,0
51,0
45,0
40,0
35,0
30,0
27,0
25,0
25,0
24,0
24,0
23,0
23,0
20,0
19,0
14,0
12,0
12,0
4,0
1,0
19,0
11,0
68,0
62,0
27,0
21,0
19,0
17,1
9,0
4,0
3,0
86,0
29,0
9,0
72,1
17,0
60,1
71,0
16,0
16,0
22,0
81,0
65,0
53,0
35,0
7,0
11,0
11,0
8,0
46,0
74,0
77,0
77,0
28,0
34,0
31,0
27,0
21,0
87,0
87,0
87,0
27,0
70,0
31,0
89,0
41,0
25,0
85,0
49,1
49,0
13,0
4,0
19,0
65,0
4,0
0,0
89,0
80,0
69,1
65,0
65,0
64,0
44,0
33,0
5,0
40,0
37,0
23,0
32,0
12,1
50,0
16,0
70,0
80,0
34,0
52,0
79,0
90,0
48,0
48,0
52,0
48,0
41,0
40,0
15,0
84,0
55,0
49,0
28,0
37,0
