80,0
54,0
51,0
22,0
4,0
63,0
44,0
44,0
39,0
39,0
31,0
10,0
8,0
8,0
59,0
85,0
82,0
74,0
26,0
13,0
83,0
4,0
8,0
60,1
77,0
77,0
16,0
7,0
78,0
61,0
59,0
78,0
81,0
27,0
16,0
16,0
2,0
78,0
13,0
13,0
61,0
30,0
0,0
80,0
66,0
46,1
76,0
59,0
6,0
1,0
68,0
84,0
61,0
77,0
73,0
68,0
68,1
68,0
68,0
68,0
59,0
27,0
27,0
68,0
82,1
71,0
58,0
11,0
81,0
75,0
17,0
8,0
59,0
89,0
19,0
72,0
1,0
84,0
77,0
41,0
54,0
50,0
13,0
13,0
82,0
35,0
80,0
82,0
24,1
24,0
18,0
71,0
81,0
17,0
79,0
76,0
75,0
74,0
59,0
23,0
47,0
81,0
47,1
80,0
47,0
81,0
45,0
26,0
18,0
63,0
85,0
85,0
80,0
29,0
82,0
89,0
72,0
6,0
86,0
58,0
20,0
42,0
7,0
84,0
42,1
28,0
47,0
77,0
37,0
49,0
47,0
46,0
44,0
36,0
36,0
36,0
34,0
17,0
16,0
16,0
12,0
12,0
12,0
12,0
12,0
12,0
12,0
12,0
12,0
12,0
11,0
11,0
11,0
11,0
60,0
79,0
62,0
20,0
66,0
37,0
5,0
79,0
44,0
31,0
13,0
12,0
2,0
2,0
2,0
1,0
0,0
80,0
86,0
22,0
17,0
12,0
11,0
50,0
6,0
13,0
3,0
56,0
70,0
80,0
80,0
74,0
72,0
59,0
30,0
7,0
7,0
22,0
56,0
56,0
55,0
22,0
67,0
23,0
8,0
67,0
75,0
67,0
14,0
81,1
81,0
81,0
80,0
42,0
89,0
84,1
44,0
43,0
24,0
16,0
76,0
70,0
85,0
83,0
44,0
46,0
59,0
69,1
77,0
75,0
74,0
78,0
52,1
52,0
52,0
44,1
39,0
10,0
67,0
46,0
77,0
75,0
23,1
74,0
84,0
66,0
16,0
16,0
16,0
16,0
72,0
57,0
20,0
85,0
8,0
81,0
75,0
41,0
56,0
47,0
30,0
18,0
0,0
50,0
70,0
20,0
78,0
75,0
74,0
73,0
62,0
51,0
51,0
1,0
1,0
1,0
1,0
22,0
22,0
82,1
66,0
66,0
65,0
64,0
23,0
14,0
83,0
62,0
52,0
8,0
84,0
57,0
82,0
57,0
51,0
65,0
35,0
77,0
50,0
50,0
49,0
49,0
72,0
60,0
23,0
78,0
78,0
78,0
72,0
50,0
82,0
81,0
79,0
78,0
74,0
67,0
15,0
35,0
35,0
8,0
80,0
80,0
82,0
65,0
41,0
76,0
15,0
80,0
79,0
84,0
82,0
63,0
11,0
10,0
80,0
77,0
77,0
13,0
0,0
80,0
69,0
8,0
84,0
84,0
54,1
54,1
50,1
50,1
44,0
16,0
11,0
9,0
84,1
83,0
83,0
27,0
82,1
8,0
85,0
76,0
70,0
80,0
85,0
89,0
86,0
86,0
86,0
5,0
76,0
74,0
10,0
10,0
81,0
