116,0
103,0
94,0
82,0
156,0
156,0
128,0
120,0
119,0
84,0
78,0
78,0
99,0
92,0
81,0
97,0
159,0
84,0
143,0
127,0
153,0
121,0
120,0
119,0
90,0
81,0
127,0
122,0
154,0
154,0
90,0
85,0
129,0
124,0
99,0
82,0
82,0
126,0
123,0
76,0
86,0
83,0
80,0
120,0
119,0
119,0
84,0
84,0
84,0
84,0
83,0
83,0
82,0
80,0
83,0
83,0
157,0
157,0
134,0
76,0
122,0
101,0
110,0
154,0
153,0
152,0
144,0
123,0
119,0
82,0
79,0
145,0
77,0
84,0
152,0
102,0
81,0
73,0
144,0
145,0
140,0
130,0
111,0
98,0
90,0
83,0
84,0
78,0
82,0
80,0
81,0
120,0
142,0
115,0
106,0
83,0
149,0
73,0
83,1
83,0
83,1
81,0
81,0
81,0
80,0
78,1
153,0
140,0
126,0
125,0
123,0
123,0
122,0
120,0
111,0
107,0
102,0
102,0
102,0
78,0
156,0
143,0
135,0
133,0
131,0
127,0
127,0
125,0
120,0
101,0
147,0
71,0
152,0
84,0
153,0
152,0
152,0
152,0
147,0
135,0
104,0
98,0
84,0
84,0
84,0
150,0
129,0
128,0
124,0
122,0
120,0
112,0
83,0
78,0
72,0
84,0
83,0
83,0
83,0
82,0
82,0
82,0
81,0
81,0
79,0
79,0
77,0
113,0
128,0
121,0
121,0
121,0
115,0
75,0
118,0
115,0
114,0
107,0
98,0
98,0
77,0
84,0
134,0
119,0
119,0
119,0
110,0
88,0
99,0
75,0
74,0
76,0
137,0
135,0
79,0
127,0
