45,1
80,0
51,0
49,0
29,0
30,0
16,0
41,1
47,0
20,0
79,0
89,0
68,0
15,0
5,0
75,1
9,0
33,0
1,0
0,0
18,1
68,0
78,1
78,1
11,0
85,1
75,0
73,0
85,1
65,1
28,0
8,0
82,0
78,0
53,0
51,1
46,1
43,1
39,0
9,0
89,0
88,0
87,0
86,0
71,0
69,0
63,0
58,0
56,0
54,0
51,0
41,0
36,0
32,0
19,0
73,0
49,1
82,0
80,0
80,0
53,1
82,0
88,0
86,0
80,0
80,0
77,0
64,0
58,0
56,0
51,0
50,0
49,0
30,0
27,0
24,0
23,0
15,0
8,0
2,0
16,0
87,0
45,1
27,1
88,1
3,1
89,0
89,0
17,0
3,0
3,0
53,0
55,0
75,0
64,0
54,0
15,0
43,0
61,0
61,0
57,0
85,0
80,0
76,0
46,0
30,0
24,0
1,0
12,0
12,0
72,0
0,0
55,0
54,0
78,0
50,0
37,0
