63,0
30,0
55,0
58,0
57,0
66,0
13,0
88,0
56,0
49,0
16,0
55,1
81,0
81,0
88,0
25,0
83,0
83,0
72,0
0,0
87,0
75,0
45,0
33,0
24,0
22,0
18,1
13,0
13,0
3,0
25,1
24,1
58,0
64,0
57,0
50,0
41,0
54,0
45,0
34,0
34,1
15,0
12,0
6,0
87,0
87,0
76,0
76,0
27,0
11,0
28,1
20,0
85,0
71,0
80,0
87,0
79,0
37,0
35,0
34,0
25,0
25,0
24,0
14,0
42,0
42,0
35,0
28,1
11,0
11,0
11,0
10,0
70,0
70,0
70,0
57,0
20,0
16,0
75,0
75,0
75,0
63,0
54,0
11,0
31,0
22,0
9,0
77,0
55,0
54,0
49,0
49,0
35,0
34,0
33,0
13,0
66,0
55,0
29,0
15,0
14,0
5,0
5,0
36,0
21,0
21,0
60,0
60,0
21,0
21,0
62,0
