2,0
2,0
13,0
51,1
29,0
26,0
24,0
23,0
0,0
79,0
67,0
19,0
18,0
4,1
4,0
15,0
24,0
71,0
12,0
3,0
77,0
77,0
77,0
63,0
41,1
4,0
71,0
35,0
30,0
30,0
77,0
85,0
57,0
89,0
89,0
87,0
56,0
51,1
47,0
42,0
4,1
34,0
23,1
2,0
13,0
44,0
24,0
33,0
29,0
18,0
13,0
0,0
12,0
24,0
19,0
19,0
84,0
60,0
79,0
79,0
59,0
35,0
26,0
26,0
10,0
2,1
59,0
46,1
20,0
60,0
59,0
68,0
14,0
79,0
19,0
17,0
75,0
38,0
38,0
87,0
68,0
60,0
25,0
41,0
40,1
58,0
48,0
48,0
25,0
42,0
82,0
81,0
80,0
61,0
26,0
24,1
70,1
62,0
11,0
11,0
42,0
59,0
38,0
21,0
21,0
19,0
89,0
86,0
86,0
86,0
85,0
48,0
67,0
47,0
47,0
43,0
16,0
10,0
24,1
18,0
70,0
37,0
18,0
13,0
8,0
4,0
24,0
24,0
23,0
21,0
20,0
24,0
69,0
29,0
27,0
80,0
86,0
72,0
25,0
51,0
47,0
24,1
19,0
67,1
41,0
45,0
45,0
16,0
85,0
75,0
75,0
0,0
25,0
78,0
73,0
19,0
2,0
7,0
21,0
58,0
22,0
18,1
15,0
14,1
79,0
46,0
7,0
19,0
66,0
54,0
38,0
30,0
22,0
14,0
3,0
61,0
0,0
22,0
18,0
15,0
86,0
86,0
81,0
80,0
80,0
57,0
55,0
42,0
42,0
28,0
1,0
19,0
6,1
24,0
88,0
81,0
79,0
44,0
25,0
18,0
18,0
18,0
17,0
75,0
75,0
82,0
47,0
45,0
24,0
24,0
26,0
85,0
59,0
59,0
52,0
52,0
51,0
51,0
47,0
47,0
45,0
43,0
36,0
35,0
24,0
14,0
3,0
19,0
18,0
17,1
17,0
16,0
14,0
7,0
6,0
5,1
6,0
6,0
85,0
0,0
64,0
47,0
47,0
40,0
33,0
89,0
41,0
20,0
9,0
87,0
87,0
77,0
60,0
50,0
80,0
44,0
80,0
31,0
24,0
24,0
24,0
82,0
7,0
5,0
31,0
13,0
89,0
20,0
18,0
18,0
87,0
60,0
43,0
42,0
2,0
4,0
51,1
46,0
14,1
53,1
41,0
24,0
19,0
16,0
53,0
31,0
17,0
30,0
16,0
3,0
3,0
72,0
59,0
68,0
39,0
60,0
64,0
64,1
30,0
28,0
68,1
52,0
44,0
23,0
19,0
19,0
19,0
16,0
9,0
16,0
16,0
12,0
5,0
43,0
24,0
23,0
4,0
8,0
0,0
35,0
36,0
5,0
4,0
89,0
45,0
5,0
5,0
89,0
77,0
72,0
23,0
19,0
14,0
9,0
5,0
59,0
