0,0
16,0
86,0
45,0
39,0
30,0
3,0
66,0
34,0
44,0
44,1
7,0
86,0
81,0
80,0
78,0
77,0
76,0
75,0
41,0
33,0
25,1
88,0
85,0
72,0
72,1
67,0
55,0
30,0
29,0
22,0
16,0
16,0
37,0
29,0
24,0
56,0
54,0
36,0
42,0
36,0
83,0
6,0
0,0
36,0
6,0
71,0
66,0
49,0
16,0
16,0
80,0
78,0
71,0
17,0
9,0
87,0
69,0
14,0
14,0
52,0
48,1
36,0
30,0
69,0
10,0
10,0
70,0
70,0
33,0
23,0
17,0
86,1
85,0
80,0
78,0
12,0
79,0
63,0
61,0
3,0
23,0
86,0
84,0
84,0
19,0
77,0
46,0
74,0
70,0
18,0
78,0
54,0
53,0
86,0
3,0
2,0
75,0
51,0
45,0
41,0
10,0
2,0
59,0
55,0
23,0
75,1
66,0
60,0
22,0
77,0
71,0
86,1
88,0
85,1
77,0
77,0
75,0
72,0
71,0
69,0
68,0
68,0
67,0
58,0
49,1
47,1
41,1
40,1
38,0
38,0
33,0
30,0
28,0
28,1
28,1
25,0
24,0
24,1
24,0
23,0
22,0
21,0
20,0
19,1
14,0
12,1
12,1
9,0
7,1
6,0
