89,0
89,0
76,0
63,0
81,0
89,0
89,0
88,0
88,0
83,0
82,0
16,0
14,0
86,0
85,0
61,0
61,0
58,0
31,0
31,0
17,0
17,0
84,0
6,0
2,0
88,0
50,0
2,0
82,0
46,0
40,0
40,0
2,0
50,0
85,0
72,0
47,0
21,0
21,0
21,0
88,0
65,0
56,0
81,0
29,0
8,0
80,0
78,0
73,0
73,0
67,0
72,0
66,0
71,0
69,0
82,0
60,0
88,0
46,1
26,0
71,0
70,0
60,0
39,0
39,0
32,0
26,0
24,0
75,0
74,0
89,0
88,0
89,0
89,0
87,0
87,0
78,0
69,0
50,0
87,0
87,1
70,0
57,0
48,0
48,0
47,0
45,1
35,0
32,0
14,0
89,0
87,1
85,0
89,0
89,0
89,0
88,0
87,0
87,0
87,0
86,0
86,0
85,0
85,0
85,0
85,1
84,0
84,0
84,0
84,0
84,0
83,0
83,0
83,0
82,0
81,0
80,0
80,0
80,0
79,1
79,0
78,1
78,0
77,0
77,0
76,0
76,0
76,0
75,0
74,0
74,0
73,0
72,0
72,0
88,0
84,0
84,0
86,0
84,0
86,0
87,0
86,0
81,0
81,0
70,0
16,0
16,0
16,1
16,0
16,1
14,0
6,0
5,0
4,0
4,0
4,0
88,0
67,0
20,0
0,0
0,0
89,0
84,0
82,0
79,0
78,0
87,0
87,0
87,0
81,1
14,0
4,0
83,0
80,0
83,0
77,0
89,0
89,0
89,0
89,0
89,0
89,0
80,0
57,0
89,0
37,0
14,0
40,0
53,0
83,0
72,0
36,0
27,0
2,0
14,0
78,0
40,0
40,0
40,0
40,0
40,0
4,0
56,0
19,0
48,0
44,0
88,0
88,0
88,0
88,1
89,0
64,1
89,0
89,0
30,0
30,0
88,0
87,0
59,0
9,0
6,0
6,0
39,0
31,0
64,0
37,0
63,0
79,0
67,0
63,0
62,0
58,0
57,0
49,0
49,0
45,0
29,0
23,0
21,0
8,0
52,0
21,0
89,0
59,0
83,1
81,0
81,0
81,0
81,0
79,0
75,0
83,0
56,0
52,0
49,0
6,0
83,0
72,0
70,0
70,0
63,0
49,0
49,0
47,0
47,0
45,0
45,0
45,0
45,0
45,0
45,0
45,0
45,0
86,0
80,0
75,0
43,1
36,0
27,0
0,0
88,0
2,0
89,0
84,0
83,0
79,0
78,0
71,0
62,0
38,0
38,0
37,0
87,0
82,0
23,0
89,0
89,0
48,0
47,0
47,0
43,0
89,0
89,0
71,0
68,0
44,0
89,0
88,0
24,0
70,0
68,0
85,0
76,0
37,0
86,0
86,0
88,1
87,0
78,0
56,0
50,1
50,0
29,0
29,0
4,0
47,0
47,0
85,0
22,0
22,0
9,0
9,0
85,0
63,1
17,0
17,0
89,0
84,0
84,0
31,0
25,0
18,0
68,0
39,0
35,0
80,0
83,0
86,0
86,0
80,0
19,0
88,0
78,0
62,0
61,0
61,0
65,0
61,0
59,0
59,0
56,0
51,0
50,0
48,0
43,0
43,0
43,0
42,0
35,0
29,0
24,0
24,0
22,0
16,0
14,0
12,0
11,0
11,0
8,1
75,0
75,1
66,0
52,0
47,0
36,0
31,0
26,0
80,0
72,0
19,0
82,0
81,0
73,0
64,0
61,0
60,0
59,0
22,0
22,0
52,0
52,0
17,0
87,0
73,0
73,0
72,0
54,0
76,0
80,0
87,0
87,0
86,0
86,0
84,0
79,0
84,0
78,0
78,0
78,0
55,0
49,0
33,0
9,0
5,0
5,0
5,0
5,0
88,0
88,0
11,0
11,0
44,0
88,0
78,0
71,0
61,0
39,0
39,0
39,0
39,0
32,0
2,0
0,0
82,0
70,1
71,0
52,0
39,0
28,0
23,0
81,0
59,0
59,0
57,0
45,0
38,0
38,0
89,0
89,0
52,0
45,0
45,0
10,0
63,0
11,0
3,0
30,0
89,0
86,0
78,0
78,0
86,0
80,0
80,1
71,0
66,0
66,0
47,0
46,0
44,0
44,0
43,0
42,0
42,0
42,0
42,0
42,1
42,0
42,0
42,0
42,0
39,0
37,1
34,0
34,0
30,0
30,0
26,0
24,0
22,0
22,0
15,0
12,1
12,0
12,1
7,0
5,0
89,0
86,0
89,0
88,0
78,0
61,0
9,0
58,0
52,0
89,0
88,0
77,0
36,0
87,0
78,0
70,0
67,0
66,0
40,0
89,0
89,0
88,0
88,0
64,1
81,0
81,0
88,0
88,0
87,0
83,0
84,0
77,0
72,0
63,0
1,0
85,0
44,0
44,0
43,0
42,0
12,0
86,0
74,0
62,0
62,0
61,0
54,0
51,0
51,0
47,0
37,0
34,0
33,0
33,0
32,0
31,0
29,0
24,0
24,0
19,0
18,0
16,0
7,0
5,0
3,0
3,0
0,0
0,0
89,0
77,0
77,0
68,0
38,0
69,0
52,0
48,0
48,0
46,0
46,0
46,0
41,0
41,0
37,0
32,0
88,0
73,0
60,0
42,0
8,0
87,0
87,0
87,0
79,0
43,0
84,0
77,0
75,0
54,0
50,0
82,0
82,0
82,0
82,0
82,0
82,0
82,0
84,0
34,0
84,0
79,0
79,0
78,0
69,1
82,0
82,0
68,0
61,0
54,0
54,0
54,0
54,0
79,0
61,0
59,0
48,0
85,0
87,0
87,0
86,0
69,0
86,0
88,0
85,0
81,0
74,0
71,0
64,0
88,0
88,0
75,1
45,0
45,0
30,0
20,0
17,0
10,0
2,0
79,0
70,0
65,0
54,0
54,0
23,0
18,0
5,0
88,0
3,0
81,0
81,0
89,0
85,0
55,0
45,0
18,0
88,0
85,0
85,0
85,0
85,0
85,0
85,0
84,0
83,0
79,0
85,0
23,0
82,0
82,1
81,0
80,0
82,0
13,0
78,0
89,0
80,0
78,0
75,0
89,0
89,0
89,0
89,0
88,0
87,0
37,0
5,0
87,0
83,0
34,0
19,0
9,0
33,0
31,0
89,0
88,0
88,0
88,0
58,0
36,0
25,0
18,0
36,1
36,0
16,0
81,0
81,0
80,0
80,0
77,0
74,0
74,0
74,0
71,0
69,0
69,0
63,0
63,0
63,1
63,0
63,0
50,0
46,0
45,0
39,0
38,0
34,0
31,0
30,0
24,0
17,0
17,0
11,0
10,0
10,0
12,0
88,0
88,0
89,0
74,0
23,0
6,0
78,0
71,0
70,0
37,0
18,0
89,0
89,0
88,1
88,0
88,0
89,0
32,0
76,0
49,0
54,0
50,1
44,1
41,0
40,0
36,0
36,0
34,0
34,0
76,0
50,0
73,0
85,0
85,0
88,0
86,0
86,0
86,0
75,0
74,0
60,0
67,0
54,0
54,0
54,0
53,0
27,0
70,0
84,0
57,0
57,0
86,1
68,0
87,0
81,0
81,0
85,0
83,0
88,0
86,0
84,0
82,1
79,0
74,0
73,0
30,0
88,0
89,0
89,0
89,0
89,0
87,0
87,0
86,0
86,0
89,0
88,0
88,0
88,0
80,0
86,0
83,0
52,0
50,0
29,0
21,0
19,0
14,0
6,0
76,1
76,0
57,0
57,0
20,0
7,0
7,0
0,0
89,0
86,0
83,0
77,0
88,0
56,0
50,0
42,0
34,0
20,0
20,0
66,0
53,0
35,0
35,0
27,0
77,0
77,0
50,0
26,0
25,1
9,0
79,0
13,0
83,0
77,0
66,1
66,0
61,0
56,0
50,0
50,0
49,0
49,0
46,0
45,0
45,0
45,0
44,0
44,0
43,0
43,0
43,0
43,0
43,0
42,0
41,0
40,0
40,0
39,0
38,0
38,0
37,0
31,0
31,0
31,0
30,0
15,0
6,0
88,0
81,0
79,0
79,0
76,0
73,1
71,0
64,0
87,0
56,0
14,0
5,0
49,0
85,0
88,0
88,0
66,0
66,0
66,0
57,0
57,0
28,0
27,0
22,0
80,0
80,0
35,0
89,0
89,0
75,0
73,0
89,0
76,0
69,0
43,0
32,0
26,0
22,0
22,0
21,0
83,0
89,0
87,0
88,0
86,0
89,0
88,0
79,0
72,0
71,0
66,0
65,0
1,0
43,0
16,0
86,0
85,0
81,0
89,0
81,0
63,0
88,0
88,0
87,0
87,0
66,0
41,0
86,0
82,0
81,0
81,0
76,0
72,0
69,0
26,0
89,0
79,0
77,0
77,0
77,0
77,0
67,0
67,0
19,0
89,1
89,0
49,0
39,0
77,0
11,0
89,0
89,0
89,0
86,0
86,0
84,0
50,0
35,0
33,0
13,0
85,0
10,0
4,0
35,0
84,0
84,0
23,1
42,0
37,0
8,0
88,0
87,0
89,0
87,0
29,0
3,0
82,0
81,0
80,0
77,0
77,0
81,0
4,0
88,0
87,0
84,0
79,0
79,0
72,0
70,1
68,0
67,1
65,0
65,0
64,0
64,0
60,0
60,0
22,0
18,0
18,0
8,0
42,0
42,0
39,0
68,0
42,0
40,0
37,0
36,0
34,0
33,0
32,0
28,0
25,0
25,0
16,0
9,0
9,0
5,0
5,1
1,0
0,0
0,0
32,0
79,0
70,0
68,0
68,0
67,0
67,0
67,0
89,0
88,0
82,0
82,0
78,0
78,0
77,0
87,0
81,0
73,0
73,0
56,0
49,0
31,0
5,0
83,0
87,0
86,0
66,0
29,0
26,0
23,0
14,1
7,0
67,0
51,0
32,0
16,0
16,0
13,0
10,0
87,0
86,0
27,1
87,0
86,0
80,0
58,0
51,0
41,0
88,0
82,0
80,0
6,0
86,0
86,0
83,0
64,0
21,0
87,0
86,0
75,0
75,0
75,0
75,0
75,0
89,0
89,0
87,0
87,0
86,0
68,0
61,1
67,0
74,0
74,0
74,0
73,0
56,0
56,0
56,0
21,0
7,0
7,0
44,0
43,0
43,0
8,0
26,0
24,0
24,0
27,0
89,0
37,0
25,0
79,1
88,0
87,0
87,1
87,0
88,0
87,0
87,0
86,0
86,0
87,0
87,0
76,0
35,0
35,0
1,0
45,0
11,0
70,0
89,0
84,0
73,0
72,0
58,0
32,0
1,0
1,0
29,0
81,0
85,0
66,0
59,0
53,0
45,0
43,0
43,0
42,0
41,0
41,0
41,0
36,0
34,0
32,0
30,0
30,0
15,0
12,0
10,0
0,0
73,0
66,0
66,0
66,0
66,0
65,0
60,0
60,0
58,0
55,0
48,0
37,0
32,0
31,0
24,0
9,1
9,0
8,0
8,1
8,0
6,0
5,0
5,0
5,0
5,1
3,0
3,0
3,0
3,0
3,0
3,0
2,0
2,0
2,0
1,0
1,0
1,0
86,0
82,0
80,0
65,1
49,0
49,0
49,0
41,0
39,0
38,0
36,0
16,0
16,0
86,0
80,0
71,0
68,0
58,0
46,0
44,0
41,0
41,0
5,0
80,0
28,0
26,0
16,0
15,0
13,0
13,0
11,1
2,0
55,0
7,0
87,0
83,0
2,1
2,0
87,0
87,0
44,0
86,0
86,0
75,0
75,0
74,0
72,0
62,0
51,0
48,0
47,0
47,0
46,0
44,0
41,0
39,0
29,1
24,0
23,0
18,0
9,0
89,0
78,0
58,0
42,0
39,0
39,0
89,0
89,0
88,0
11,0
86,0
85,0
83,0
83,0
79,0
77,0
77,0
74,0
73,0
73,0
71,0
71,0
71,0
64,0
63,0
63,0
61,0
57,0
57,0
57,0
54,0
54,0
52,0
52,0
51,0
45,0
43,0
55,0
18,0
18,1
18,1
18,0
80,0
80,0
79,0
68,0
11,0
41,0
4,0
55,0
82,0
88,0
88,0
88,0
84,0
81,0
78,0
77,0
76,0
76,0
72,0
65,0
60,0
57,0
55,0
55,0
55,0
53,0
53,0
45,0
39,0
39,0
81,0
89,0
87,0
79,0
79,0
79,0
78,0
76,0
75,0
88,0
64,0
44,0
30,0
30,0
10,0
10,0
89,0
88,0
80,0
39,0
16,0
8,0
87,0
58,0
31,0
