2,0
87,0
87,0
87,0
87,0
87,0
87,0
68,0
11,0
57,0
16,0
16,0
39,0
72,0
67,0
67,0
67,0
43,0
34,0
34,0
33,0
29,0
19,0
6,0
4,0
80,0
22,0
87,0
87,0
53,0
37,1
35,0
20,0
20,0
20,0
9,0
88,0
88,0
88,0
81,0
72,0
65,0
61,0
22,0
22,1
20,0
0,0
82,0
82,0
80,0
70,0
70,0
70,0
69,1
59,0
59,0
53,0
50,0
48,0
24,0
23,0
23,0
19,0
19,0
19,0
19,0
15,0
13,0
11,0
82,0
70,0
70,0
47,0
26,0
24,0
73,0
88,1
59,0
46,0
45,0
61,0
18,1
35,0
25,0
23,0
3,1
1,1
69,0
75,0
87,0
51,0
88,0
47,0
68,0
42,0
11,0
89,0
78,0
66,0
73,0
51,0
48,0
48,0
47,0
4,0
61,0
17,1
16,0
87,0
58,1
34,0
17,0
0,0
0,0
48,0
37,0
76,0
7,0
75,0
61,1
61,0
75,0
73,0
52,1
25,0
38,0
34,0
86,0
81,0
81,0
68,0
59,0
42,0
79,0
72,0
69,0
69,1
59,0
52,0
52,0
46,0
64,0
64,1
53,0
53,0
46,0
38,0
29,0
26,0
23,0
56,1
81,0
74,0
12,0
80,0
80,0
80,0
79,0
76,0
72,0
46,0
40,0
25,0
22,1
18,0
12,0
11,0
1,0
