73,0
60,0
7,0
85,0
82,0
82,0
78,0
74,0
44,0
35,0
33,0
33,0
13,0
4,0
84,1
83,0
55,0
43,1
18,0
80,0
80,0
80,0
80,0
30,0
75,1
67,1
66,1
54,1
4,0
1,0
86,0
62,0
62,0
60,0
49,0
49,0
9,0
9,0
71,0
69,0
59,0
60,0
60,1
60,0
60,0
60,1
60,0
55,0
52,0
29,0
84,0
77,0
77,0
77,0
51,0
15,0
14,0
14,0
4,0
57,0
41,0
36,0
14,0
57,0
78,0
66,1
57,0
52,0
48,0
32,0
16,1
7,0
7,0
68,0
52,0
48,0
48,0
42,0
22,0
16,0
1,0
1,0
42,0
21,0
79,0
70,0
17,0
10,0
84,0
83,0
4,0
61,0
41,0
69,0
17,0
8,0
8,0
40,0
39,0
35,0
32,0
14,0
14,0
2,0
50,0
13,0
39,0
22,0
20,0
63,0
50,0
50,0
50,0
49,0
41,0
37,0
12,0
12,0
9,0
7,0
78,0
57,0
3,0
3,0
3,0
69,0
44,0
41,0
2,0
73,0
71,0
60,0
6,0
63,0
86,0
81,0
81,0
88,0
70,0
70,0
68,0
67,0
66,0
66,1
66,0
66,1
66,0
66,0
66,0
65,0
65,0
65,0
63,0
62,0
50,0
49,0
49,0
48,0
48,0
47,0
47,0
35,0
3,0
84,0
88,0
84,0
69,0
69,0
86,0
85,0
71,0
68,0
65,0
65,0
57,0
56,0
57,0
25,0
25,0
20,0
15,0
68,0
64,0
41,0
16,0
85,0
68,0
50,0
49,0
46,0
43,0
43,0
41,0
31,0
26,0
26,0
24,0
21,0
17,0
16,0
76,0
20,0
25,0
25,0
0,0
70,0
68,0
25,0
23,0
84,0
68,0
59,0
56,0
28,0
8,0
1,0
1,0
1,0
28,0
43,0
20,0
9,0
83,1
68,0
28,0
28,0
27,0
0,0
84,0
70,0
66,0
62,0
25,0
78,0
56,0
43,0
21,0
14,0
5,0
77,0
62,0
51,0
36,0
31,0
26,0
18,0
17,0
3,0
3,0
84,0
78,0
26,0
6,0
45,0
16,0
18,0
88,0
70,0
82,0
77,0
77,1
39,0
39,0
37,0
31,0
14,0
1,0
0,0
76,1
49,0
46,0
43,0
41,0
