63,0
49,0
40,0
26,0
19,0
6,0
14,0
89,0
89,0
70,0
55,0
1,0
1,0
62,0
62,0
35,0
27,0
13,0
13,0
12,0
10,0
9,0
80,0
76,0
76,0
63,0
63,0
63,0
31,0
30,0
20,0
9,0
9,0
4,0
71,0
64,0
54,0
0,0
15,0
65,0
34,0
81,0
80,0
74,0
74,0
55,0
41,0
55,0
89,0
89,0
69,0
67,0
49,0
48,0
48,0
47,0
44,0
41,0
41,0
24,1
19,0
13,0
8,0
50,0
7,0
78,0
70,0
65,0
58,0
56,0
31,0
26,0
0,0
4,0
3,0
3,0
22,0
13,0
86,0
69,0
68,0
75,0
59,0
33,0
69,0
61,0
61,0
33,0
12,0
76,0
36,0
22,0
16,1
7,0
87,0
48,0
19,0
19,0
7,0
86,0
49,0
17,0
89,0
50,0
88,0
88,0
88,0
71,0
66,0
62,0
58,0
42,0
87,0
61,0
53,0
53,0
53,0
47,0
47,0
47,0
46,0
46,0
35,0
29,0
22,0
75,0
72,0
72,0
67,0
66,0
59,0
48,0
47,0
47,0
40,0
40,0
39,0
39,0
38,0
38,0
32,0
22,0
0,0
0,0
0,0
37,0
76,0
59,0
59,0
40,0
29,0
17,0
14,0
12,0
9,0
