83,0
72,0
52,0
4,0
4,0
4,0
4,0
2,0
55,0
8,0
89,0
82,1
66,0
62,0
46,0
70,0
87,1
61,0
18,0
9,0
4,0
86,0
72,0
68,0
9,0
82,0
71,0
64,0
64,0
56,0
55,0
82,0
48,0
85,0
11,1
81,0
8,0
7,0
6,0
67,0
63,0
6,0
3,1
52,0
53,0
87,0
85,0
85,0
84,0
84,0
84,0
84,0
84,0
72,0
66,0
66,1
66,0
63,0
63,0
30,0
26,0
23,0
23,0
14,0
12,0
12,0
12,0
9,0
0,0
48,0
48,0
48,0
47,0
41,0
87,0
86,0
78,0
71,0
70,0
61,0
73,0
59,0
24,0
16,0
54,0
87,0
83,0
83,0
83,0
75,0
75,0
69,0
63,0
78,0
70,0
69,0
64,0
64,0
62,0
55,1
50,0
41,0
31,0
29,1
77,0
69,0
26,0
