51,0
12,0
4,0
4,0
80,0
64,0
40,0
72,0
88,0
80,0
68,0
52,0
43,0
34,0
14,0
52,0
4,0
4,0
88,0
85,0
69,0
77,0
77,1
34,0
49,0
34,0
79,0
68,0
38,0
37,0
37,0
31,0
24,0
58,0
37,0
14,0
1,0
48,0
63,0
36,0
76,0
20,0
84,1
71,0
79,1
79,0
70,0
66,0
61,0
60,0
47,0
42,0
41,0
29,0
7,0
7,0
7,0
7,0
7,0
40,0
23,0
19,0
64,0
64,0
56,0
49,0
1,0
60,0
48,0
12,0
88,0
46,0
2,0
89,0
81,0
73,0
72,0
72,0
68,0
66,0
51,0
34,0
27,0
38,0
9,0
15,0
87,0
79,0
85,0
83,0
67,0
49,0
49,0
14,0
10,0
10,0
9,0
9,0
89,0
89,0
82,0
79,0
78,0
66,0
65,0
65,0
65,0
13,0
71,0
23,0
71,0
36,0
20,0
10,0
6,0
58,0
57,0
86,0
56,0
34,1
15,0
15,0
88,0
53,0
83,0
42,0
74,0
74,0
2,0
73,0
44,0
43,0
48,0
77,0
19,0
12,0
72,0
71,0
77,0
76,0
72,0
69,0
57,0
57,0
31,1
24,0
22,0
20,0
3,0
3,0
79,0
76,0
76,0
40,0
23,0
58,1
58,0
48,0
84,0
73,1
64,0
39,0
77,0
36,1
11,0
3,0
38,0
84,0
47,0
45,0
69,0
1,0
74,0
68,0
81,0
63,0
53,0
42,0
38,0
30,0
26,0
21,0
14,0
82,0
75,0
70,0
48,0
48,0
48,0
47,0
22,0
