50,0
39,0
45,0
88,0
86,0
84,0
83,0
82,0
81,0
79,0
79,0
78,0
76,0
69,0
65,0
64,0
61,0
60,0
60,0
59,0
58,0
51,0
51,0
50,0
50,0
49,0
49,0
49,0
49,0
48,0
48,0
44,0
43,0
43,0
43,0
43,0
43,0
43,0
43,0
41,0
40,0
36,0
31,0
30,0
29,0
29,0
28,0
25,0
22,0
16,0
11,0
9,0
5,0
4,0
3,0
2,0
2,0
0,0
0,0
79,0
61,0
37,0
37,0
31,0
29,0
26,0
87,1
76,0
75,0
43,0
29,0
26,0
36,0
76,0
76,0
71,0
70,0
62,0
37,0
14,0
2,0
48,0
26,0
55,0
69,0
79,1
58,0
52,0
19,0
69,0
35,0
89,0
74,0
70,0
48,0
72,0
16,0
80,0
50,0
83,0
82,0
80,0
75,0
74,0
70,0
70,0
63,0
62,1
60,0
60,0
56,0
53,0
49,0
81,0
14,0
22,0
17,0
12,0
7,0
24,0
60,0
50,1
39,0
70,0
63,0
58,0
51,0
39,0
9,0
1,0
81,0
49,0
39,0
15,0
2,0
45,0
61,0
34,0
22,0
14,0
14,0
41,0
78,0
64,0
3,0
1,0
90,0
71,0
15,0
15,0
67,0
14,0
8,0
75,0
74,0
38,1
36,0
34,0
30,0
18,0
2,0
83,0
82,0
72,0
70,0
69,0
14,0
13,0
3,0
3,0
84,0
37,0
16,1
53,0
51,0
34,0
30,0
30,0
26,0
0,0
80,0
34,0
30,0
0,0
53,0
3,0
43,0
11,0
33,0
4,0
76,0
61,0
14,0
36,0
36,0
18,0
4,0
38,1
18,1
37,0
2,1
0,0
39,1
26,0
18,0
0,0
25,0
4,0
60,0
49,0
68,0
39,1
90,0
45,0
41,0
33,0
0,0
60,0
2,0
85,0
62,0
67,0
65,0
37,1
36,0
36,0
65,0
89,0
51,0
23,0
90,0
90,0
90,0
90,0
90,0
90,0
90,0
90,0
89,0
89,0
89,0
89,0
89,0
89,0
89,0
89,0
89,0
89,0
88,0
88,0
88,0
88,0
88,0
88,0
88,0
88,0
88,0
88,0
88,0
87,1
87,0
87,1
87,0
87,0
87,0
87,0
87,1
87,0
87,0
87,0
87,0
87,0
87,0
86,0
83,0
83,0
78,0
78,0
78,1
78,0
77,0
77,0
77,0
77,0
77,0
76,0
76,0
76,0
76,0
75,0
75,0
75,0
75,0
75,0
75,0
75,0
75,0
75,1
75,0
74,0
74,0
74,0
74,0
74,0
74,1
74,0
74,0
74,0
73,0
73,0
73,0
73,0
73,0
73,0
73,0
73,0
72,0
72,0
72,0
72,1
72,0
72,0
72,0
72,0
71,0
71,0
71,0
71,0
71,0
71,0
71,0
71,0
71,0
70,0
70,0
70,0
70,0
70,0
70,0
70,0
69,0
69,0
69,0
69,0
69,0
69,0
69,0
69,0
69,0
68,0
68,0
68,0
68,0
68,0
68,0
68,0
68,0
67,0
67,0
67,0
67,0
67,0
66,0
66,0
66,0
66,0
66,0
66,0
66,0
66,0
66,0
66,0
66,0
66,0
65,0
65,0
65,0
65,0
65,0
64,0
64,0
64,0
64,0
64,0
64,0
64,0
64,0
64,0
64,0
63,0
63,0
63,0
63,0
63,0
63,0
63,0
63,0
62,0
62,0
62,0
62,0
62,0
62,0
62,1
62,0
62,0
61,0
61,0
61,0
61,0
61,1
61,0
61,0
60,0
60,1
60,0
60,0
60,0
59,0
59,0
59,0
59,0
59,0
59,0
59,0
58,0
58,0
58,0
58,0
58,1
58,0
58,0
58,0
57,0
57,0
57,0
57,0
57,1
57,0
57,0
57,0
57,0
57,0
56,0
56,0
55,0
55,0
55,0
55,0
55,0
55,0
55,0
54,0
54,0
54,1
54,0
54,0
54,0
54,0
54,0
53,0
53,0
53,0
53,1
53,0
53,0
53,0
53,0
53,0
53,0
53,0
52,0
52,0
52,0
52,0
52,0
51,0
51,0
51,0
51,0
51,0
50,0
50,0
50,0
50,0
50,0
50,0
50,0
49,0
49,0
49,0
49,0
49,0
48,0
48,0
48,1
48,0
48,0
48,0
48,0
48,0
47,0
47,0
47,0
46,0
46,0
46,0
46,0
46,0
45,0
45,0
45,1
45,1
45,0
45,0
44,0
44,0
44,0
44,0
44,0
44,0
44,0
44,0
43,0
43,0
43,0
43,0
42,0
42,0
42,0
42,1
42,0
42,1
42,0
42,0
42,0
42,0
42,0
42,0
41,0
41,0
41,0
41,0
41,0
40,0
40,0
40,0
40,0
40,0
40,0
39,0
39,0
39,0
39,0
39,0
39,0
39,0
39,0
38,0
38,0
38,0
37,0
37,0
37,0
37,0
37,0
36,0
36,0
36,0
36,0
36,0
36,0
36,0
36,0
36,0
36,0
34,0
34,0
34,0
34,0
34,0
34,0
34,0
33,0
33,0
33,0
33,0
33,0
33,0
33,0
33,0
33,1
33,0
32,0
32,0
32,0
32,0
32,0
32,0
32,0
32,0
32,0
32,1
31,0
31,0
31,0
31,0
31,1
31,0
30,0
29,0
29,0
29,0
29,0
29,0
29,0
29,0
29,1
28,0
28,0
28,0
28,0
28,0
28,1
28,0
28,0
27,0
27,0
27,0
27,0
26,1
26,0
26,0
26,0
26,0
26,0
26,0
26,0
25,0
25,0
25,0
25,0
25,0
24,0
24,0
24,1
24,0
24,0
24,0
23,0
23,0
23,0
23,0
22,0
22,1
22,0
22,0
22,0
22,0
21,0
21,0
21,0
21,0
21,0
20,0
20,0
20,0
19,0
19,0
19,0
19,0
19,0
19,1
19,0
18,0
18,0
17,0
17,0
17,0
17,0
17,0
17,0
16,0
16,0
16,0
16,0
16,0
16,0
16,0
15,0
15,0
15,0
15,0
15,0
15,0
14,0
14,0
14,0
14,0
14,1
14,0
14,0
14,0
14,0
13,0
13,0
13,0
13,0
13,0
13,0
13,0
13,0
13,0
12,0
12,0
12,0
12,0
12,0
12,0
12,0
11,1
11,0
11,0
11,0
11,0
11,0
11,0
10,0
10,0
10,0
10,0
10,0
10,0
9,1
9,0
9,0
9,0
9,0
9,0
9,0
8,0
8,0
8,0
7,1
7,0
7,0
7,0
7,0
6,0
6,0
6,0
6,0
5,0
5,0
5,0
5,0
5,0
4,0
4,0
4,0
3,0
3,0
3,0
3,0
3,0
2,0
2,0
2,0
2,0
2,0
2,0
2,0
2,0
1,0
1,0
1,0
1,0
1,0
1,0
0,0
0,0
0,0
0,0
0,0
0,0
0,1
0,0
48,0
54,0
86,0
85,0
73,0
61,0
59,0
53,0
47,0
44,0
38,0
30,0
27,0
25,0
12,0
11,0
6,0
5,0
2,0
36,0
77,0
51,0
27,0
34,0
21,0
19,0
5,0
80,0
8,0
82,0
13,0
44,0
38,1
22,1
13,0
70,0
38,0
9,0
39,1
89,0
68,0
38,1
22,0
10,0
80,0
73,0
39,0
26,0
13,0
6,0
51,0
20,0
71,0
51,0
43,1
43,0
86,0
51,0
47,0
86,0
88,0
87,0
86,0
85,0
83,0
81,0
76,0
74,0
71,0
70,1
70,0
70,1
70,0
67,0
66,0
63,0
63,0
63,0
57,0
55,0
55,0
45,0
45,0
42,0
39,0
36,0
34,0
33,0
31,0
31,0
29,0
19,0
26,0
23,0
38,1
86,0
85,0
61,0
45,0
23,0
12,0
70,0
68,0
68,0
68,0
68,0
40,0
30,0
26,0
30,0
29,0
82,0
30,0
24,0
7,0
8,0
89,0
80,0
71,0
51,0
6,0
26,0
65,0
24,1
57,0
35,0
35,1
11,0
90,0
90,0
87,0
87,0
84,0
81,0
79,0
79,0
79,0
79,0
79,0
79,0
76,0
75,0
75,0
73,0
71,0
69,0
68,0
67,0
67,1
67,0
67,1
64,0
64,0
64,0
64,0
63,0
63,0
61,0
61,0
61,0
60,0
58,0
57,0
56,0
56,0
55,0
55,0
55,0
54,0
54,0
54,0
53,0
51,0
49,1
49,0
48,0
47,0
46,0
41,0
41,0
40,0
39,0
39,0
37,0
36,0
35,0
35,0
34,0
34,1
34,0
34,0
33,0
33,0
32,0
32,0
29,0
29,0
27,0
26,0
26,0
25,0
25,0
25,0
24,0
23,0
19,0
19,0
19,0
18,0
16,0
15,0
14,0
13,0
12,0
11,0
11,0
10,0
10,0
9,0
8,0
7,0
5,0
4,0
4,0
4,0
4,0
2,0
1,0
1,0
1,0
46,0
44,0
39,1
34,0
30,0
15,0
14,0
14,0
12,1
7,0
2,0
24,0
45,0
37,0
46,0
24,0
31,0
26,0
86,0
74,0
73,0
73,0
72,0
72,0
72,0
0,0
9,0
17,0
11,0
8,0
79,1
79,1
75,0
75,0
43,0
35,0
12,0
26,0
53,1
35,0
35,0
24,0
24,0
24,0
14,0
62,0
3,0
61,1
51,0
47,0
47,0
65,0
40,0
67,0
43,0
36,0
89,0
35,0
38,0
31,0
26,0
19,0
12,0
87,0
82,0
76,0
36,0
21,0
69,0
41,0
38,1
75,0
71,0
71,0
55,0
24,1
17,0
38,0
29,0
87,1
79,1
66,0
46,1
36,0
36,0
36,0
36,0
25,0
24,0
22,0
76,0
82,0
38,1
36,0
30,0
4,0
74,0
66,0
62,0
14,0
29,0
29,0
81,0
30,0
24,1
21,0
29,0
29,0
70,0
67,0
66,0
62,0
55,0
52,0
45,0
39,0
34,0
20,0
19,0
19,0
17,0
15,0
13,0
13,0
12,0
2,0
0,0
