75,0
70,0
40,0
18,0
78,0
75,0
72,0
71,0
68,0
68,0
68,0
68,0
61,0
60,0
55,1
54,0
53,0
52,0
46,0
41,0
36,0
31,0
28,0
26,0
26,0
25,0
25,0
24,0
24,0
21,0
20,0
15,0
13,0
13,0
5,0
2,0
20,0
12,0
69,0
63,0
28,0
22,0
20,0
18,1
10,0
5,0
4,0
0,0
87,0
30,0
10,0
73,1
18,0
61,1
72,0
17,0
17,0
23,0
82,0
66,0
54,0
36,0
8,0
12,0
12,0
9,0
47,0
75,0
78,0
78,0
29,0
35,0
32,0
28,0
22,0
88,0
88,0
88,0
28,0
71,0
32,0
90,0
42,0
26,0
86,0
50,1
50,0
14,0
5,0
0,1
20,0
66,0
5,0
1,0
0,0
90,0
81,0
70,1
66,0
66,0
65,0
45,0
34,0
6,0
41,0
38,0
24,0
33,0
13,1
51,0
17,0
71,0
81,0
35,0
53,0
80,0
49,0
49,0
53,0
49,0
42,0
41,0
16,0
85,0
56,0
50,0
29,0
38,0
