83,0
61,0
61,0
57,0
32,0
30,0
23,0
8,0
89,0
81,0
78,0
75,0
67,0
66,0
62,0
48,0
38,0
33,0
33,0
17,0
11,0
47,0
8,0
73,0
50,0
43,0
74,0
22,0
21,0
20,0
12,0
82,0
62,0
30,0
65,0
38,0
79,0
79,0
78,0
77,0
71,1
46,0
53,0
53,0
37,0
12,0
3,0
3,0
89,0
45,0
45,0
15,0
88,0
82,0
53,0
26,0
11,0
6,0
5,0
5,0
85,0
82,0
76,0
71,0
71,0
30,0
82,0
73,0
26,0
9,0
71,0
44,0
2,0
50,0
19,0
11,0
11,0
60,0
25,0
12,0
70,0
12,0
88,0
63,0
15,0
75,0
67,0
67,0
54,0
54,0
47,0
47,0
45,0
37,0
36,0
34,0
29,0
24,1
22,0
12,0
12,0
6,0
2,0
1,0
