75,0
52,0
26,0
13,0
41,0
41,1
24,0
40,0
13,0
80,0
70,0
75,0
50,0
78,0
82,0
8,1
49,0
42,0
79,0
79,0
47,0
19,0
82,0
69,1
45,0
68,0
85,0
81,0
57,0
48,0
30,0
0,0
42,0
74,0
63,0
43,0
49,0
38,0
51,0
82,0
79,0
78,0
74,0
64,0
63,0
62,0
62,1
53,0
42,0
42,1
30,0
9,0
82,0
73,0
87,0
30,0
86,0
31,0
25,0
25,0
25,0
25,0
25,0
25,0
61,0
61,0
56,0
10,0
87,0
20,0
46,0
27,1
19,0
87,0
40,0
82,0
70,0
42,0
52,0
16,0
69,0
84,0
72,0
69,0
65,1
65,1
57,0
56,0
51,0
41,1
8,1
85,0
74,0
57,0
33,0
59,0
85,0
78,0
86,0
80,0
50,0
76,0
57,0
44,0
27,1
24,0
24,0
2,0
88,0
75,0
67,0
67,0
30,0
26,0
12,0
76,0
38,0
82,0
20,0
70,1
68,0
0,0
0,0
11,0
23,0
32,1
23,0
23,0
82,0
75,0
85,0
83,0
60,1
60,1
79,0
30,0
79,0
77,0
76,0
75,0
31,0
84,0
68,0
47,0
35,0
85,0
60,0
40,0
15,0
0,0
79,0
49,0
38,0
27,0
28,0
85,0
61,1
24,0
83,0
83,0
49,0
27,0
12,0
16,0
84,0
58,0
33,0
87,0
87,0
1,0
62,0
14,0
7,0
75,0
52,0
49,0
37,0
89,0
24,0
24,0
19,0
19,1
34,0
52,0
43,0
22,0
46,0
46,0
32,0
53,0
75,0
82,0
64,0
83,0
71,0
72,0
55,0
54,0
18,0
33,0
33,1
79,0
61,0
55,0
32,0
30,0
61,0
41,0
8,0
0,0
0,0
64,0
40,0
60,0
85,0
27,0
62,1
52,0
36,0
25,0
11,0
46,0
86,0
45,0
14,1
89,0
82,0
82,0
75,0
61,0
47,0
6,0
85,0
76,0
76,0
56,0
48,0
86,0
60,0
51,0
45,0
31,0
75,0
13,0
13,0
83,0
78,0
12,1
65,0
80,0
10,0
14,0
26,0
15,0
8,0
8,0
64,0
46,0
34,0
14,1
83,0
31,0
7,0
13,0
19,0
33,0
32,0
85,0
52,0
