33,0
89,1
82,0
52,0
7,0
2,0
1,1
78,0
67,0
58,0
57,0
57,0
66,0
36,1
76,0
5,0
80,0
80,0
80,0
66,1
61,1
60,0
46,0
46,0
45,0
41,0
40,0
66,1
50,0
50,0
34,0
25,0
23,0
15,0
87,0
87,0
87,0
81,0
79,0
75,0
74,0
74,1
73,0
73,0
73,0
61,1
55,1
45,0
45,0
45,0
39,0
8,0
40,0
10,0
70,0
30,1
67,0
88,0
83,0
68,0
50,0
39,0
20,0
1,0
55,0
46,0
36,0
88,0
86,0
85,0
83,0
74,0
70,0
64,0
50,0
39,0
23,0
20,0
14,0
8,0
46,0
89,0
87,0
85,0
85,0
82,0
73,0
73,0
72,0
68,0
66,0
65,0
62,0
59,0
59,0
53,0
47,0
47,0
46,0
40,0
8,0
6,0
54,0
66,0
21,0
79,0
39,0
8,0
87,0
75,0
54,0
71,0
66,0
19,0
58,0
29,0
73,0
73,0
73,0
49,1
49,0
42,0
33,0
16,0
75,0
74,0
46,0
