57,0
90,0
22,0
65,0
0,1
57,0
57,0
86,0
79,0
56,0
42,0
38,0
34,0
26,0
17,0
8,0
87,0
86,0
86,0
71,0
70,0
68,0
65,0
62,0
47,0
47,0
44,0
42,0
40,1
39,0
38,0
26,0
23,0
23,0
1,0
10,0
10,0
78,0
76,0
76,0
65,1
65,0
62,1
59,0
46,0
46,0
16,0
5,0
21,0
21,0
13,0
13,0
8,0
88,0
44,0
25,0
85,0
77,0
78,0
70,0
52,0
87,0
27,0
40,0
7,0
0,0
85,0
82,0
82,0
78,0
76,0
68,0
53,0
51,0
50,0
49,0
47,0
43,0
42,0
42,0
41,0
40,0
40,0
29,0
28,0
26,0
23,0
23,0
21,0
20,0
18,0
17,0
77,0
76,0
68,0
67,0
59,0
48,0
85,0
60,0
50,0
44,0
44,0
70,0
56,0
87,0
60,0
40,0
76,0
50,0
45,0
41,0
27,0
65,0
89,1
9,0
