2,0
54,0
41,0
41,0
7,0
87,0
81,0
76,0
76,0
73,0
68,0
62,0
57,0
57,0
54,0
54,0
49,0
23,0
21,0
75,0
75,1
70,0
49,0
78,0
6,0
23,0
85,1
5,0
50,0
44,0
44,0
85,0
78,0
66,0
46,0
46,0
38,0
12,0
9,0
78,0
78,0
14,1
24,1
60,0
55,0
37,0
36,0
32,0
27,0
12,0
21,0
59,0
21,0
28,0
85,0
49,0
37,0
31,0
26,0
78,0
38,0
38,0
13,0
14,0
73,0
73,0
21,0
21,0
77,0
13,0
70,0
56,0
35,0
11,0
79,0
46,0
34,0
65,1
45,0
33,0
32,0
32,0
76,0
52,0
76,1
68,0
63,0
63,0
24,0
24,0
19,0
18,0
6,0
3,0
67,0
32,0
31,0
24,0
24,0
3,0
2,0
81,0
36,0
6,0
32,0
21,0
12,0
48,0
32,0
57,0
39,0
36,0
79,0
7,0
68,0
45,0
66,0
12,0
88,0
70,0
56,0
52,0
45,0
40,0
36,0
23,0
21,0
74,0
74,0
65,0
63,0
52,0
52,1
47,0
46,0
39,0
34,0
34,0
34,0
34,0
33,0
33,0
33,0
89,0
81,0
58,0
20,0
19,0
19,0
18,0
86,0
29,0
8,0
75,0
73,0
72,0
68,0
68,0
