67,0
61,0
54,0
81,0
67,0
8,0
69,1
39,0
60,0
10,0
11,0
63,0
90,0
79,0
77,0
75,0
62,0
62,0
61,0
46,0
33,0
33,0
31,0
28,0
24,0
23,0
49,0
49,0
12,1
4,0
4,0
49,1
5,0
0,0
87,0
49,0
38,0
18,0
65,0
61,0
90,0
64,0
44,0
44,0
18,0
71,0
35,0
14,0
13,0
22,0
5,0
72,0
65,1
59,0
83,0
46,0
41,0
28,0
7,0
80,0
82,0
60,0
73,0
81,0
79,0
29,0
77,0
71,0
69,0
62,0
47,0
75,0
90,1
88,1
88,1
88,1
87,1
87,1
87,1
86,1
86,1
86,1
86,1
86,1
84,1
84,1
83,1
83,1
83,1
82,1
82,1
81,1
81,1
81,1
81,1
80,1
80,1
80,1
79,1
79,1
78,0
78,1
78,1
77,1
77,1
77,1
75,1
75,1
75,1
75,1
75,1
74,1
74,1
73,1
73,1
72,1
72,1
71,0
71,1
71,1
71,1
70,1
68,1
68,1
67,1
67,1
66,1
66,1
66,1
65,1
65,1
65,1
64,1
61,1
61,1
61,1
60,1
60,1
59,1
59,1
59,1
58,1
58,1
57,1
57,1
56,1
55,1
55,1
55,1
54,1
54,1
53,1
53,1
52,1
52,1
51,1
51,1
50,0
50,1
48,1
48,1
47,1
47,1
46,1
46,1
46,1
45,1
45,1
44,1
44,1
44,1
43,1
42,1
41,1
41,1
40,1
39,1
39,1
38,1
36,1
35,1
35,1
34,1
34,1
34,1
33,1
33,1
33,1
31,1
31,1
31,1
31,1
29,1
29,1
27,1
27,1
25,1
25,1
25,1
24,1
24,1
23,1
23,1
20,1
20,1
19,1
19,1
18,1
18,1
17,1
17,1
16,1
16,1
15,1
14,1
14,1
13,1
13,1
12,1
12,1
12,1
12,1
12,1
11,1
11,1
10,1
10,1
9,1
9,1
9,1
9,1
8,1
8,1
7,1
7,1
6,1
6,1
6,1
5,1
5,1
5,1
5,1
5,1
4,1
4,1
4,1
4,1
4,1
3,1
3,1
3,1
2,1
2,1
2,1
1,0
1,1
1,1
1,1
1,1
0,1
0,1
0,1
0,1
87,0
74,0
63,0
65,0
84,0
84,0
69,0
46,0
66,1
13,0
89,0
89,0
87,0
87,0
86,0
86,0
85,0
85,0
82,0
80,0
80,0
74,0
74,0
74,0
70,0
55,0
76,0
70,0
66,0
51,0
7,0
43,0
30,0
88,0
85,0
69,0
48,0
46,1
46,1
61,0
23,0
20,0
17,1
17,0
13,0
8,0
3,0
3,0
3,0
1,0
1,0
23,0
88,0
85,0
74,0
71,0
66,0
60,1
70,0
61,0
73,0
55,0
74,0
71,0
37,0
29,0
82,0
70,0
54,0
11,0
55,0
64,0
18,0
5,0
11,0
46,0
43,0
38,0
82,0
83,1
70,1
67,1
60,1
56,1
56,1
55,1
42,1
39,1
38,1
38,1
35,1
35,1
32,0
26,1
7,1
6,1
6,0
6,1
5,1
5,0
84,1
49,0
47,1
24,0
23,0
17,0
40,0
25,0
70,0
23,0
23,0
35,0
34,0
57,0
51,1
74,0
73,0
72,1
71,0
71,1
70,0
69,0
69,1
68,0
68,1
67,0
67,1
66,0
65,0
65,1
64,0
63,1
63,0
62,0
62,1
60,0
60,1
60,0
58,0
58,1
57,0
57,1
56,0
55,0
55,1
54,0
54,1
53,0
52,0
52,1
13,0
83,0
77,0
60,0
60,0
38,0
3,0
66,0
41,0
35,0
32,0
25,0
41,0
35,0
32,0
30,0
25,0
25,0
19,0
75,0
41,0
35,0
32,0
25,0
68,0
41,0
35,0
32,0
56,0
46,0
37,0
10,1
10,1
10,1
5,1
5,1
4,1
4,1
3,1
3,1
3,1
3,1
3,1
56,0
47,0
37,0
36,0
35,0
34,0
16,0
14,0
43,0
43,0
39,0
32,0
39,1
34,1
32,1
32,1
32,1
31,1
31,1
21,1
21,1
20,1
20,1
18,1
18,1
17,1
17,1
17,1
17,1
17,1
15,1
13,1
13,1
12,1
10,1
10,1
10,1
10,1
5,1
5,1
4,1
4,1
4,1
3,1
3,1
3,1
3,1
1,1
81,0
72,0
90,0
71,0
10,1
5,1
4,1
4,1
4,1
3,1
3,1
3,1
1,1
59,0
46,1
42,0
41,0
41,0
40,0
8,0
6,0
5,0
5,0
70,0
65,0
65,0
64,0
13,0
2,0
79,0
51,0
49,0
24,0
81,0
80,0
74,0
73,0
69,0
66,0
62,0
61,0
47,0
23,0
17,0
15,0
14,0
82,0
73,0
89,0
85,0
82,0
55,0
52,0
14,0
19,0
76,0
78,0
62,0
58,0
58,0
53,0
28,0
28,0
12,0
56,0
53,0
39,0
34,0
72,1
8,0
8,0
23,0
89,1
70,0
68,0
57,0
41,0
39,0
21,0
21,0
21,0
13,0
6,0
20,0
67,0
47,0
26,0
13,0
31,0
30,0
30,0
24,0
24,0
7,0
19,0
85,1
39,0
28,0
21,0
14,0
85,0
83,0
79,0
75,0
71,0
69,0
63,0
59,0
56,0
54,0
48,0
43,0
42,0
39,0
34,0
28,0
24,0
24,0
20,0
14,0
10,0
8,0
6,0
1,0
56,0
50,0
50,0
49,0
28,0
24,0
5,0
21,0
11,0
27,1
67,1
85,0
9,0
6,0
39,0
39,0
12,0
62,0
24,0
20,0
55,0
68,0
42,0
40,0
39,0
73,0
73,0
63,0
59,0
2,0
74,0
74,1
74,0
89,0
53,0
6,0
51,1
6,1
14,0
13,0
13,0
13,0
8,1
87,0
57,0
90,0
41,0
34,0
79,0
63,0
44,0
6,0
0,0
90,1
90,1
90,1
90,1
90,1
90,1
90,1
90,1
88,1
86,1
86,1
86,1
85,1
85,1
85,1
85,0
85,1
85,1
85,1
84,1
84,1
83,1
82,1
80,1
80,1
80,1
80,1
80,1
79,1
79,1
79,1
79,1
79,1
78,1
78,1
78,1
78,1
78,1
78,1
77,1
77,1
77,1
76,1
76,1
76,1
76,1
76,1
76,1
76,1
76,1
76,1
75,1
75,1
75,1
75,1
75,1
75,1
75,1
75,1
75,1
75,1
75,1
75,1
75,1
75,1
75,1
75,1
75,1
81,0
18,0
65,0
49,0
45,0
33,0
27,0
20,0
11,0
42,0
88,0
82,0
88,0
81,0
34,0
35,0
3,0
79,0
79,0
28,0
28,0
17,0
17,0
13,0
13,0
13,0
13,0
13,0
13,0
13,0
13,0
12,0
12,0
12,0
12,0
12,0
12,0
11,0
11,0
6,0
6,0
6,0
6,0
3,0
3,0
90,0
90,0
10,0
60,0
56,0
56,0
40,0
36,0
36,0
33,0
28,0
28,0
28,0
27,0
23,0
23,0
22,0
55,0
34,1
20,0
90,0
70,0
65,0
48,0
8,0
88,0
74,0
74,0
90,0
89,0
86,0
85,0
85,0
84,0
83,1
81,0
79,0
78,0
78,0
78,0
77,0
74,0
74,0
74,0
74,0
74,0
72,0
71,0
70,0
70,0
69,0
69,0
69,0
33,0
88,0
67,0
33,0
0,0
80,1
69,0
69,0
64,0
60,0
57,0
57,0
57,0
55,0
55,0
39,0
1,0
66,0
31,0
88,0
23,0
60,1
49,0
76,0
42,0
42,0
43,0
85,0
49,0
52,0
17,0
17,0
11,0
16,0
22,0
88,0
81,0
75,0
37,0
38,0
51,0
41,0
71,0
29,0
20,1
59,0
59,0
46,0
46,0
89,0
12,0
61,0
24,0
60,0
31,0
31,0
31,0
69,1
88,0
52,0
51,0
90,1
90,1
90,1
90,1
89,1
89,1
88,1
88,1
88,1
88,1
88,1
88,1
88,1
86,1
86,1
86,1
85,1
85,1
85,1
85,1
85,1
85,1
84,1
84,1
84,1
83,1
82,1
82,1
82,1
81,1
81,1
81,1
81,1
80,1
80,1
80,1
80,1
80,1
80,1
80,1
79,1
79,1
79,1
79,1
79,1
79,1
78,1
78,1
78,1
77,1
77,1
77,1
77,1
76,1
76,1
76,1
75,1
75,1
75,1
75,1
74,1
74,1
74,1
73,1
73,1
73,1
72,1
72,1
72,1
72,1
71,1
71,1
71,1
70,1
70,1
70,1
70,1
70,1
69,1
69,1
69,1
69,1
69,1
68,1
68,1
68,1
68,1
68,1
67,1
67,1
67,1
67,1
67,1
67,1
66,1
66,1
66,1
66,1
66,1
66,1
65,1
65,1
64,1
63,1
63,1
63,1
63,1
63,1
62,1
62,1
62,1
62,1
62,1
61,1
61,1
61,1
61,1
61,1
60,1
60,1
60,1
60,1
59,1
58,1
58,1
58,1
58,1
57,1
57,1
57,1
57,1
56,1
56,1
56,1
56,1
55,1
55,1
55,1
55,1
55,1
54,1
54,1
54,1
53,1
53,1
53,1
53,1
53,1
52,1
51,1
51,1
51,1
51,1
51,1
51,1
50,1
50,1
50,1
50,1
49,1
49,1
49,1
49,1
48,1
47,1
47,1
47,1
47,1
47,1
47,1
47,1
47,1
47,1
46,1
46,1
46,1
45,1
45,1
45,1
45,1
44,1
44,1
44,1
43,1
43,1
43,1
42,1
42,1
42,1
42,1
42,1
42,1
41,1
41,1
41,1
41,1
40,1
40,1
40,1
40,1
39,1
39,1
39,1
39,1
38,1
38,1
38,1
38,1
37,1
37,1
37,1
37,1
37,1
37,1
37,1
37,1
37,1
37,1
37,1
37,1
36,1
36,1
36,1
36,1
35,1
35,1
35,1
35,1
35,1
35,1
35,1
35,1
35,1
34,1
34,1
34,1
34,1
34,1
34,1
33,1
33,1
33,1
33,1
33,1
32,1
32,1
32,1
32,1
32,1
32,1
32,1
32,1
32,1
31,1
31,1
30,1
30,1
30,1
30,1
29,1
29,1
29,1
29,1
28,1
28,1
28,1
27,1
27,1
27,1
27,1
26,1
26,1
26,1
26,1
26,1
26,1
26,1
26,1
26,1
26,1
21,1
21,1
19,1
19,1
19,1
19,1
18,1
18,1
16,1
16,1
16,1
16,1
16,1
16,1
15,1
15,1
15,1
15,1
15,1
15,1
14,1
14,1
14,1
14,1
13,1
13,1
13,1
13,1
13,1
13,1
11,1
11,1
11,1
11,1
8,1
8,1
7,1
7,1
7,1
7,1
6,1
6,1
6,1
6,1
6,1
6,1
3,1
2,1
2,1
2,1
1,1
1,1
1,1
1,1
0,1
0,1
0,1
0,1
25,0
23,0
17,0
6,1
30,0
88,0
62,1
43,0
39,0
36,0
32,0
25,0
19,0
89,0
76,0
76,0
74,0
59,0
49,0
49,0
42,0
12,0
14,0
84,0
84,0
16,0
9,1
9,0
1,0
1,0
6,0
90,0
72,0
64,0
66,0
66,0
79,0
84,0
80,0
85,0
62,0
45,0
25,0
25,0
76,0
72,0
44,0
10,0
32,0
39,0
39,0
56,1
58,0
54,0
72,0
22,0
36,0
89,0
34,0
34,0
8,0
26,1
86,0
85,0
1,0
1,0
32,0
31,0
31,0
54,0
78,0
29,0
29,0
3,0
53,0
59,0
84,0
65,0
64,0
63,0
58,0
50,0
48,0
29,0
29,0
28,0
28,0
12,0
12,0
2,0
75,1
67,1
56,0
52,0
