43,0
40,1
38,0
14,0
59,0
43,0
36,0
76,0
72,0
62,0
61,0
47,0
10,0
2,0
77,0
76,0
80,1
4,0
3,0
83,0
83,0
80,0
79,0
79,0
77,0
77,1
76,0
72,0
64,0
57,0
33,0
10,0
29,0
38,0
64,0
36,0
72,0
70,0
70,0
46,0
37,0
24,0
17,0
9,0
62,0
50,0
38,1
27,0
27,0
73,0
61,0
49,0
67,1
43,0
84,0
67,1
64,0
10,1
10,0
6,0
41,0
73,0
72,0
61,0
55,0
55,0
50,0
21,0
16,1
16,0
11,0
29,0
49,0
55,0
55,0
41,1
36,0
36,0
11,0
3,0
3,0
3,0
2,0
2,0
2,0
57,0
43,0
38,0
55,0
32,0
87,0
71,0
71,1
61,0
87,0
66,0
63,0
52,0
44,0
51,0
6,0
66,0
62,0
7,0
76,0
14,0
70,0
34,0
20,0
18,0
51,0
10,0
34,1
81,0
74,0
67,0
15,0
80,0
38,0
47,0
3,0
62,0
45,0
45,0
31,0
61,0
58,0
8,0
8,0
67,0
42,0
40,0
38,1
8,0
6,0
6,0
42,0
8,0
54,0
49,0
40,0
38,0
55,0
3,0
80,0
74,1
35,0
9,0
86,1
3,0
63,0
60,0
56,0
51,0
29,0
29,0
18,0
87,0
82,0
82,0
81,0
81,0
62,0
37,0
14,0
9,0
55,0
54,0
28,0
28,0
80,0
66,0
45,0
38,0
16,0
12,0
10,0
3,0
60,1
13,0
16,0
