30,0
9,1
63,0
30,0
28,0
22,0
84,0
68,0
44,1
39,0
48,1
79,0
79,0
43,0
11,0
4,0
28,0
7,0
71,0
70,0
87,0
86,0
79,0
79,0
76,0
75,0
67,0
59,0
51,0
39,0
71,0
70,0
67,0
67,0
55,0
80,0
45,0
29,0
39,0
16,0
80,0
52,0
47,0
60,0
20,0
16,0
43,0
67,0
81,0
85,0
60,0
37,1
23,0
4,1
68,0
47,1
5,0
89,0
87,0
73,0
32,0
41,0
69,0
89,0
88,0
88,0
88,0
71,0
65,0
65,0
85,1
84,0
84,0
43,0
34,0
27,0
19,0
19,0
18,0
13,0
6,0
29,1
24,0
41,0
41,0
29,0
4,0
4,0
3,0
52,1
46,0
40,0
40,0
25,0
25,0
17,0
17,0
11,0
32,0
18,0
4,0
74,0
65,0
9,1
12,0
12,0
12,0
50,0
50,0
43,0
71,0
