44,0
42,0
42,0
42,0
23,0
21,0
84,0
82,0
70,0
63,0
59,1
37,0
27,0
23,0
19,0
11,0
81,0
70,0
42,0
42,0
69,0
75,0
67,0
41,0
40,1
40,0
28,1
15,0
11,0
6,0
87,0
87,0
68,0
63,0
63,0
10,0
8,0
82,0
56,0
63,0
50,0
39,0
35,0
6,0
73,0
35,0
85,0
40,0
77,0
59,0
31,0
56,0
49,0
32,0
31,0
27,0
9,0
24,1
22,0
18,0
17,0
89,0
77,0
63,0
42,0
50,0
8,0
52,0
15,0
49,0
23,0
35,0
3,0
76,0
68,0
66,0
65,0
51,0
49,0
49,0
37,0
37,0
30,0
18,0
66,0
33,0
30,1
44,0
64,0
83,0
66,0
84,0
75,0
13,0
1,0
78,0
80,0
22,0
22,0
66,0
63,1
61,0
13,0
87,0
21,0
72,0
58,0
52,0
38,0
16,0
35,0
14,0
64,0
59,1
45,0
30,0
29,0
29,0
18,0
14,0
11,0
11,0
7,0
5,0
1,0
1,1
0,1
53,0
53,0
53,0
25,0
4,1
70,0
56,0
34,0
23,0
2,0
49,0
49,0
42,0
15,0
40,0
57,0
78,0
59,0
79,0
63,0
56,0
30,0
80,0
79,1
74,1
1,0
0,0
78,0
63,0
56,0
35,0
28,0
15,0
73,0
42,0
35,0
20,0
85,0
65,0
46,0
36,0
30,0
23,0
23,0
12,0
11,0
11,0
11,0
2,0
69,0
57,0
51,0
5,0
57,0
56,0
14,0
87,0
86,0
53,0
53,0
36,0
31,0
25,0
21,0
56,0
6,0
3,0
32,0
74,0
35,0
5,0
78,0
73,0
38,0
35,0
26,0
15,0
69,0
42,0
42,0
42,0
34,0
30,0
29,0
29,0
15,0
14,0
8,1
85,0
83,0
13,0
70,0
0,0
52,0
89,0
78,0
43,0
26,0
77,1
77,0
77,0
77,0
69,0
68,0
67,0
13,0
69,0
89,0
67,0
17,0
16,0
9,0
20,0
9,0
9,0
57,0
41,0
4,0
47,0
47,0
26,0
