566,0
571,0
558,0
553,0
553,0
553,0
552,0
551,1
551,0
551,0
551,0
551,0
550,1
545,0
539,0
517,0
517,0
516,0
511,0
573,0
593,1
577,0
555,0
520,0
511,0
589,0
544,0
534,0
556,0
555,0
543,1
533,0
597,0
597,0
597,0
597,0
597,0
597,0
597,0
596,0
590,0
590,0
584,0
582,0
575,0
575,0
574,0
574,0
574,0
551,0
537,0
575,0
568,0
551,0
543,0
522,0
529,0
518,0
584,1
548,1
585,0
578,1
578,0
571,0
557,0
553,0
551,0
546,1
546,0
546,0
536,0
529,0
594,0
592,0
546,0
544,0
591,0
549,0
521,0
594,0
571,0
541,0
540,0
534,0
529,0
529,0
520,0
520,0
529,0
572,0
566,0
516,0
524,0
600,0
600,0
565,0
558,0
556,0
556,0
556,0
555,0
555,0
551,0
549,0
549,0
549,0
549,0
549,0
549,0
549,0
549,0
544,0
543,0
514,0
546,0
518,0
545,0
533,0
533,0
528,0
521,0
593,0
588,0
545,0
552,0
529,0
551,0
581,0
557,0
592,0
570,0
566,0
565,0
577,0
545,0
549,0
592,0
581,0
567,0
567,0
574,1
570,0
572,0
572,0
571,1
571,0
571,0
571,0
570,0
566,0
532,0
564,0
600,0
600,0
600,0
588,0
514,0
557,0
530,1
574,0
575,0
532,1
591,0
591,0
561,0
582,0
593,0
572,0
545,0
564,0
555,0
545,0
598,0
546,0
598,0
546,0
534,0
534,0
553,0
573,0
571,0
580,0
566,0
554,0
571,0
571,0
560,0
