41,0
4,0
69,0
11,0
77,0
77,0
20,0
48,0
4,1
62,0
20,0
18,0
11,0
36,0
70,0
6,0
85,0
25,0
13,0
79,0
81,0
46,0
43,0
5,0
1,0
89,0
74,0
85,1
85,1
82,1
76,1
73,1
72,1
72,1
71,1
68,1
65,1
65,1
65,1
65,1
65,1
64,1
64,1
64,1
63,1
59,1
52,1
42,1
42,1
42,1
37,1
35,1
35,1
35,1
35,1
35,1
35,1
35,1
35,1
35,1
35,1
34,1
31,1
29,1
28,1
28,1
28,1
28,1
28,0
28,1
28,1
28,1
28,1
28,1
28,1
28,1
27,1
27,1
20,1
17,1
16,1
14,1
14,1
14,1
3,1
0,1
0,1
0,1
0,1
0,1
6,0
88,0
88,0
46,0
60,0
10,0
3,0
75,0
74,0
63,1
84,1
40,0
30,0
70,0
31,0
5,0
15,0
10,0
5,0
42,0
18,0
83,0
83,0
52,0
47,0
47,0
47,0
20,0
19,0
15,0
1,0
54,0
50,0
85,0
83,0
83,0
67,0
19,0
50,1
33,0
83,0
60,1
49,0
27,0
78,0
70,1
35,1
85,0
83,0
81,0
79,0
79,0
79,0
71,0
68,0
68,0
66,0
60,1
60,0
60,1
54,0
51,0
47,0
45,0
41,0
27,1
12,0
9,1
8,0
8,0
8,0
3,0
72,0
32,1
55,0
35,0
25,0
59,0
3,0
81,0
46,0
63,0
50,0
88,0
87,0
86,0
84,0
69,0
60,0
60,0
60,0
60,0
60,0
60,0
56,0
55,0
54,0
54,0
40,0
40,0
38,0
89,0
9,0
56,0
75,0
79,1
77,0
58,0
52,0
48,0
48,0
16,0
15,0
10,0
9,0
89,0
84,0
74,0
71,0
57,0
51,0
51,0
51,0
47,0
36,0
29,0
28,0
26,0
25,0
24,0
23,0
22,0
22,0
17,0
16,1
8,0
7,0
6,0
3,0
2,0
2,0
1,0
0,0
81,0
78,0
71,0
68,0
50,0
24,0
18,0
2,0
78,0
53,0
49,0
25,1
71,1
18,0
16,0
85,0
64,0
87,0
74,0
44,0
29,0
