58,0
85,0
47,0
85,0
82,0
73,0
73,0
72,0
55,0
39,1
27,0
24,1
24,0
21,0
13,0
15,0
15,0
17,0
17,0
76,0
76,0
84,0
22,0
16,0
16,0
14,0
14,0
64,0
58,0
55,0
54,0
47,0
70,1
12,1
49,0
84,0
81,0
81,0
81,0
80,0
80,0
79,0
72,1
72,0
71,0
86,0
86,0
66,0
64,0
58,0
58,0
58,0
58,0
51,0
35,0
33,0
56,0
39,0
35,0
16,0
58,0
58,0
51,1
51,0
51,0
36,0
19,1
7,0
83,0
58,1
58,0
58,0
57,0
57,0
57,0
56,0
56,0
50,0
50,0
37,0
29,0
14,0
14,0
14,0
1,0
89,0
74,0
73,1
69,0
56,0
52,0
39,0
39,0
0,0
0,0
47,0
42,0
42,0
22,0
0,0
56,0
54,0
42,0
39,0
36,0
13,0
56,1
56,0
41,0
39,0
51,0
60,0
6,0
88,0
84,0
82,1
81,0
64,0
44,0
44,0
17,0
9,0
9,0
68,0
2,0
48,0
83,0
70,0
64,0
70,0
3,0
36,0
35,0
6,0
74,0
49,0
43,1
41,0
35,0
35,0
32,0
31,0
31,0
63,0
62,0
58,0
47,0
44,0
44,1
44,0
43,0
36,1
27,0
47,1
31,0
30,0
30,0
27,0
27,0
27,0
3,0
2,0
2,0
2,0
32,0
87,0
84,0
59,1
78,0
78,0
30,0
87,0
72,0
36,0
29,0
13,0
76,0
76,0
58,0
58,0
58,0
78,1
32,0
32,0
27,0
1,0
21,0
21,0
16,0
16,0
21,0
20,0
20,0
17,0
9,0
80,0
76,0
73,0
31,0
74,0
67,0
10,0
10,0
