47,0
41,0
10,0
1,0
12,0
58,1
54,0
52,0
27,0
22,0
20,0
20,0
4,0
4,0
4,0
4,0
4,0
40,0
29,0
65,0
61,0
53,0
61,0
9,0
63,0
57,1
55,0
50,0
77,0
64,0
61,0
21,0
13,0
63,0
56,0
22,0
1,0
75,0
67,0
56,0
50,0
34,0
8,0
71,0
65,0
59,0
43,0
42,0
21,0
21,0
14,0
8,0
65,0
38,0
15,0
14,0
14,0
68,0
26,0
42,0
8,0
0,0
7,0
78,0
41,0
15,0
47,0
15,0
88,0
76,0
39,0
77,1
53,0
47,0
36,0
33,0
12,0
12,0
80,0
70,0
29,0
29,0
70,0
56,1
41,0
14,0
14,0
7,0
21,0
17,0
64,0
63,0
21,0
23,0
20,0
8,0
7,0
7,0
84,0
78,0
37,0
31,0
64,0
1,0
51,0
61,0
61,0
56,0
55,0
28,0
19,0
16,0
16,1
13,0
88,0
85,0
75,0
57,0
35,0
28,0
56,0
86,0
65,0
4,0
19,0
9,0
57,0
57,0
81,0
66,0
26,0
43,0
22,0
47,0
44,0
7,0
49,0
14,0
5,0
83,0
58,0
55,0
22,0
10,0
87,0
6,0
6,0
6,0
6,0
87,0
68,0
64,1
36,0
34,0
22,0
58,1
1,0
36,0
21,0
65,1
48,0
36,0
47,0
59,0
88,0
34,0
84,0
70,0
69,0
35,0
35,0
28,0
28,0
8,0
7,0
51,0
16,0
16,1
16,1
14,0
86,0
78,0
29,0
11,0
9,0
3,1
3,0
3,0
61,0
61,0
28,0
