73,0
36,0
35,0
30,0
15,0
6,0
75,1
53,1
34,0
30,0
27,1
27,1
27,1
25,1
25,1
25,1
25,1
16,1
15,1
14,1
13,1
13,1
11,1
10,1
10,1
9,1
6,1
4,1
3,1
88,0
88,0
88,0
88,0
86,1
86,1
86,0
81,1
73,0
73,0
70,1
69,1
68,0
68,0
67,1
65,0
64,0
61,0
61,1
60,0
60,1
59,0
56,0
52,0
50,1
49,1
48,0
45,0
40,1
39,0
39,0
39,0
38,1
34,0
34,0
34,0
34,0
33,0
33,0
33,0
33,0
32,0
31,1
28,1
27,0
23,1
22,0
21,1
18,0
17,0
17,0
16,1
13,0
9,1
9,1
9,1
8,0
6,1
3,0
3,1
3,1
3,1
1,1
1,0
0,0
90,0
88,0
88,0
82,0
77,0
77,1
77,0
75,0
75,0
73,0
70,1
69,0
69,1
68,0
67,1
65,0
64,1
62,1
62,0
61,0
60,1
60,0
56,0
56,1
51,0
51,0
50,0
48,0
46,0
46,0
45,0
45,0
43,1
40,0
40,0
39,0
32,1
22,0
22,0
18,0
18,0
18,0
17,1
17,1
17,0
14,0
14,1
14,1
14,0
14,0
13,0
13,0
11,0
11,0
11,0
9,0
8,0
8,0
8,0
6,0
5,1
5,1
4,0
4,0
4,1
4,1
3,1
3,0
2,0
2,0
2,1
1,1
0,0
4,0
4,0
4,0
89,0
83,0
70,0
48,0
1,0
63,0
46,0
40,0
3,0
52,0
89,0
6,1
5,1
83,0
35,0
83,1
78,1
68,1
68,0
68,1
58,1
58,1
53,1
49,1
43,1
43,1
33,1
32,1
32,1
32,1
29,1
29,1
28,1
28,1
26,1
25,1
24,1
23,1
23,0
4,1
4,0
1,1
62,0
38,0
38,0
31,1
16,1
1,0
84,0
20,0
50,1
26,1
20,1
18,1
12,1
5,1
5,0
5,1
5,1
5,1
1,0
88,1
87,1
87,1
83,1
79,1
79,1
76,1
72,1
71,1
70,0
68,1
66,1
66,1
61,1
58,1
54,1
50,1
47,0
44,1
42,1
35,1
34,1
33,1
32,1
31,1
25,1
24,1
24,0
20,1
17,1
16,1
16,1
15,1
14,1
11,1
7,1
6,1
6,1
5,1
5,1
5,1
4,1
1,1
0,1
0,1
89,1
79,0
78,1
66,1
49,1
40,1
40,1
86,0
26,1
17,0
5,1
62,0
31,1
25,0
18,0
17,0
78,1
78,0
78,1
76,0
65,1
65,1
65,1
57,1
56,1
53,1
45,1
45,1
12,1
15,1
14,1
49,1
40,1
25,1
22,1
22,1
21,1
12,1
12,1
86,1
67,1
41,1
37,1
37,1
21,1
54,1
34,0
14,0
6,0
1,0
68,0
73,1
31,1
45,0
55,0
52,0
18,0
17,0
10,0
23,0
6,0
6,0
41,0
18,0
18,0
16,0
9,0
9,0
3,0
3,0
3,0
3,0
3,0
3,0
3,0
3,0
2,0
2,0
1,0
1,0
62,1
62,1
2,1
83,0
83,0
72,0
72,0
72,0
68,0
68,0
66,0
59,0
53,0
49,1
48,0
47,0
45,0
45,0
44,0
40,0
40,0
39,0
39,0
39,0
39,0
39,0
39,0
39,0
39,0
39,0
39,0
39,0
39,0
39,0
39,0
39,0
39,0
39,0
39,0
39,0
38,0
38,0
38,0
37,0
37,0
37,0
37,0
32,0
30,0
30,0
30,0
29,0
28,0
26,0
20,1
20,0
20,0
18,0
18,0
17,0
17,0
12,0
12,0
9,0
9,0
2,0
27,0
0,0
89,1
88,0
88,1
88,0
88,1
86,1
86,1
86,1
85,1
83,1
83,1
83,1
83,1
83,1
83,1
81,1
81,1
81,0
81,0
81,1
81,1
74,1
72,1
72,1
65,1
65,1
64,1
61,1
61,1
59,1
59,1
58,1
58,1
53,1
52,1
50,1
50,1
50,1
48,1
46,1
46,0
41,1
22,1
22,0
18,1
12,1
12,1
9,1
8,1
6,1
6,1
5,1
3,1
3,1
1,1
86,1
86,1
83,1
83,1
82,1
82,1
80,1
79,1
78,1
78,1
76,1
72,1
65,1
61,1
61,1
56,1
53,1
48,1
20,1
13,1
13,1
55,1
51,1
78,1
63,0
63,1
58,1
49,1
49,1
37,1
15,1
13,1
13,1
89,1
88,1
86,1
85,1
84,1
84,1
84,1
82,1
81,1
81,1
79,0
77,1
77,1
76,1
75,1
74,1
74,1
74,1
73,1
72,1
72,1
68,1
67,1
67,1
66,1
64,1
63,1
62,1
61,1
61,1
61,1
61,0
60,1
60,1
58,0
58,1
58,1
58,0
58,0
57,0
57,0
55,1
55,1
51,1
50,1
48,1
48,1
47,1
47,1
45,1
43,1
43,0
42,1
42,1
40,0
38,1
38,1
32,1
32,1
30,1
29,1
28,0
27,1
27,1
27,1
23,1
20,1
19,1
17,0
13,1
13,1
13,1
13,1
12,1
11,1
10,1
9,1
9,1
8,1
4,0
1,1
1,1
1,1
0,1
84,1
68,1
54,1
49,1
49,1
46,1
44,1
39,1
38,1
37,0
36,1
33,1
32,1
19,1
19,1
17,1
84,1
6,1
6,1
87,0
83,1
83,1
79,1
70,1
69,1
68,1
68,1
68,1
68,1
68,1
65,1
65,1
60,1
60,1
59,1
59,1
59,1
59,0
35,1
34,1
34,1
27,0
27,1
27,1
21,1
20,1
7,1
5,0
46,1
42,1
26,1
84,1
83,1
11,1
11,1
7,1
69,1
69,1
14,1
82,1
81,1
73,1
73,1
71,1
54,1
1,1
1,1
1,1
1,1
90,1
88,0
88,1
87,1
86,1
83,1
80,1
79,1
79,1
79,1
79,1
75,1
74,1
74,1
74,1
73,1
72,1
67,1
65,1
61,1
60,1
53,1
52,1
52,1
51,1
47,1
45,1
39,1
24,1
16,1
15,1
13,1
12,1
11,1
10,1
9,1
9,1
8,1
8,1
6,1
53,1
4,1
90,1
76,1
73,1
65,1
64,1
62,1
61,1
37,1
37,1
37,1
35,1
30,1
12,1
12,1
10,1
8,1
8,1
4,1
4,1
4,1
3,1
3,1
3,1
2,1
2,1
2,1
0,1
0,1
67,1
62,1
62,1
4,1
4,1
89,1
88,1
88,1
1,1
9,1
90,1
83,1
76,1
71,1
71,1
69,1
51,1
48,1
46,1
45,1
43,1
41,1
34,1
28,1
28,1
27,1
22,1
22,1
20,1
19,1
18,1
18,1
18,1
12,1
6,1
6,1
2,1
2,1
1,1
0,1
0,1
89,0
83,1
72,1
72,1
72,1
72,1
64,1
61,1
60,0
60,1
57,1
56,1
51,1
47,1
42,1
41,1
32,1
20,1
17,1
12,1
11,1
3,1
1,1
85,0
85,0
75,0
53,0
49,1
45,0
39,1
33,0
33,0
6,0
6,0
16,1
13,1
83,0
83,1
81,1
73,1
67,1
67,1
67,0
66,0
66,1
61,1
61,1
61,1
61,1
60,1
59,1
58,1
58,1
48,1
48,1
33,1
33,1
32,1
32,1
31,0
31,1
31,1
27,1
27,0
27,1
27,1
27,1
27,1
27,1
25,1
23,1
23,1
18,1
18,1
18,1
18,1
83,0
52,1
51,1
48,1
70,1
18,1
61,1
79,1
61,1
61,1
52,1
36,1
36,1
35,1
35,1
9,1
1,1
1,1
86,1
86,1
83,1
79,0
74,1
62,1
60,1
41,1
41,1
41,1
39,1
27,1
22,1
5,1
82,0
81,1
80,0
80,1
79,1
63,0
63,0
62,0
62,1
62,1
62,1
62,1
60,0
60,1
60,1
60,1
60,0
59,1
57,1
56,1
56,1
56,0
56,0
55,1
55,1
54,0
54,0
54,1
52,1
51,0
51,1
51,1
51,1
51,1
51,1
49,1
48,1
48,0
47,1
47,0
45,1
41,1
41,0
41,1
39,1
90,1
90,1
90,1
90,1
90,1
90,1
90,1
86,1
86,1
85,1
85,1
83,1
83,1
83,1
83,1
83,1
83,1
82,1
81,1
80,1
79,1
79,1
79,1
79,1
79,1
78,1
78,1
78,1
72,1
72,1
72,1
70,1
69,1
68,1
68,1
67,1
67,1
67,1
67,1
67,1
67,1
67,1
67,1
67,1
67,1
67,1
66,1
66,1
66,1
64,1
63,1
62,1
61,0
59,1
58,1
57,1
57,1
57,1
57,1
55,1
55,1
55,1
55,1
55,1
55,1
55,1
54,1
54,1
54,1
54,1
54,1
54,1
54,1
54,1
52,1
52,1
52,1
52,1
52,1
52,1
52,1
52,1
47,1
44,1
43,1
41,1
41,1
41,1
40,1
40,1
40,1
40,1
39,1
39,1
39,1
39,1
36,1
36,1
35,1
35,1
35,1
35,1
35,1
35,1
34,1
34,1
34,1
34,1
34,1
34,1
33,1
33,1
33,1
33,1
33,1
33,1
33,1
32,1
32,1
32,1
32,1
31,1
30,1
30,1
29,1
29,1
28,1
25,1
25,0
25,1
25,0
25,1
25,0
22,1
22,1
17,1
11,1
11,1
11,1
11,1
10,1
10,1
10,1
10,1
9,1
9,1
9,1
9,1
9,1
9,1
0,1
89,0
89,0
88,0
88,0
87,0
87,0
83,0
82,0
80,0
78,0
78,0
76,0
75,0
75,0
69,0
64,0
61,0
60,0
59,1
59,1
58,0
58,0
55,0
54,0
47,0
47,0
47,0
47,0
46,0
45,0
45,0
45,0
45,0
45,0
45,0
40,0
39,0
38,0
37,0
34,0
34,0
33,0
32,0
32,0
31,0
29,0
29,0
27,0
26,0
26,0
26,0
25,0
23,0
23,0
22,0
21,1
18,0
17,0
17,0
16,0
16,0
15,0
15,1
15,0
14,0
11,0
9,0
8,0
7,0
7,0
7,1
7,0
6,0
5,0
5,0
5,0
5,0
4,0
4,0
3,0
3,0
3,0
3,0
2,0
2,0
2,0
2,0
1,0
1,0
0,0
0,0
0,0
90,0
90,0
87,1
87,1
83,1
78,1
27,1
25,1
18,0
14,1
14,0
10,0
8,1
3,1
87,1
86,1
86,1
85,1
84,1
84,1
83,1
82,1
82,1
79,1
78,1
74,1
74,1
72,1
71,1
71,1
70,1
69,1
66,1
65,1
64,1
63,1
61,1
60,1
59,1
58,1
58,1
57,1
50,1
48,1
43,1
43,1
43,1
43,1
42,1
42,1
42,1
42,1
42,1
36,1
36,1
36,1
36,1
36,1
36,1
29,1
24,1
24,1
19,1
19,1
15,1
15,1
14,1
14,1
12,1
12,1
11,1
5,1
1,1
0,1
0,1
90,1
90,1
87,1
83,1
81,1
80,1
77,1
71,1
71,1
68,1
65,1
63,1
57,1
54,1
43,1
37,1
19,1
17,1
31,0
86,1
86,1
72,1
72,1
63,1
59,1
58,1
58,1
58,1
58,1
58,1
53,1
53,1
53,1
53,1
53,1
38,0
35,1
35,1
32,1
32,1
32,1
32,1
32,1
31,1
28,1
25,1
24,1
19,1
19,1
18,1
18,1
17,1
17,1
10,1
10,1
5,0
5,1
5,1
5,1
38,1
34,1
30,1
27,1
25,1
23,1
18,1
16,1
13,1
12,1
11,0
11,1
10,0
9,0
8,1
6,1
4,1
3,1
2,1
80,1
80,1
80,1
79,1
77,1
73,1
66,1
66,1
61,1
61,1
59,1
54,1
53,1
53,1
53,1
53,1
53,1
53,1
48,1
47,1
46,1
45,1
45,1
44,1
44,0
43,1
43,1
43,1
35,1
27,1
27,1
24,1
24,1
18,1
18,1
16,1
16,1
16,1
16,1
12,0
6,1
6,1
1,0
1,1
0,1
72,1
72,1
72,1
53,1
89,0
89,0
89,0
89,0
88,0
88,0
86,0
86,0
86,0
86,0
86,0
83,0
83,0
82,0
82,0
82,0
82,0
82,0
81,0
81,0
81,0
80,0
80,0
80,0
80,0
76,0
75,0
73,0
73,0
72,0
69,0
69,0
69,0
69,0
69,0
69,0
68,0
68,0
68,0
67,0
67,0
66,0
66,0
66,0
66,0
66,0
66,0
65,0
65,0
65,0
62,0
62,0
62,0
62,0
61,0
61,0
61,0
61,1
60,0
60,0
60,0
59,0
59,0
59,0
59,0
59,0
58,0
58,0
54,0
54,0
54,0
53,0
52,0
52,0
51,0
51,0
48,0
46,0
46,0
45,0
45,0
45,0
45,0
45,0
45,0
44,0
42,0
42,0
41,0
41,0
41,0
40,0
40,0
40,0
40,0
40,0
40,0
40,0
39,0
39,0
39,0
39,0
39,0
39,0
38,0
38,0
37,0
33,0
32,0
31,0
31,0
30,0
30,0
30,0
27,0
27,0
26,0
26,0
26,0
25,0
24,0
24,0
24,0
24,0
23,0
20,0
19,0
18,0
18,0
18,0
17,0
16,0
16,0
13,0
13,0
11,0
11,0
10,0
10,0
4,0
4,0
3,0
2,0
83,0
83,0
82,0
76,0
75,0
75,0
71,0
68,0
67,0
64,0
62,0
61,0
60,0
59,0
59,0
59,0
59,1
58,0
56,0
55,0
55,0
54,0
54,0
53,0
52,0
52,0
48,0
48,0
47,0
46,0
44,0
41,0
41,0
41,0
33,0
30,0
27,0
25,0
24,0
24,0
24,0
24,0
24,0
24,0
20,1
18,0
16,0
16,0
15,0
14,1
13,0
12,1
12,0
12,0
11,0
11,0
10,0
7,0
6,0
5,0
5,0
5,0
5,0
5,0
5,0
2,0
2,0
86,1
86,1
85,1
83,1
79,1
79,1
67,1
49,1
49,0
43,1
25,1
6,1
90,1
88,0
82,0
82,1
82,0
82,0
82,0
82,0
82,0
81,0
80,0
80,0
80,0
73,0
73,1
73,0
73,1
73,0
72,0
72,0
68,0
68,0
68,0
66,1
65,1
65,0
65,0
65,0
64,1
64,0
64,1
63,1
62,0
60,1
60,1
60,0
60,0
59,1
58,0
58,0
58,0
58,0
58,0
56,0
53,0
53,0
53,0
52,0
52,0
52,1
49,0
49,0
39,0
36,1
36,0
36,1
36,1
34,0
33,0
30,1
30,1
26,0
26,1
26,0
26,0
24,0
23,0
21,0
18,0
12,1
12,0
12,0
2,0
85,1
79,1
59,1
59,1
29,1
22,1
21,1
20,1
10,1
8,1
5,1
3,1
1,0
1,1
90,0
90,0
90,0
88,0
87,0
87,0
87,0
85,1
85,0
83,0
83,0
82,0
82,0
82,0
81,0
80,0
80,0
80,0
80,1
80,1
80,0
80,0
79,0
79,0
79,0
79,0
79,0
78,0
77,0
75,1
75,0
74,0
74,0
74,0
73,0
73,1
73,0
73,0
72,0
71,0
71,0
70,0
70,0
70,0
70,0
70,0
69,1
69,0
68,0
68,0
67,0
67,0
67,0
67,0
67,0
67,0
67,0
67,0
67,0
67,1
66,0
66,0
66,1
66,0
66,0
66,1
66,0
64,0
63,0
63,0
63,0
63,0
63,0
62,0
62,0
61,0
61,1
60,1
60,1
60,1
60,0
60,0
60,1
60,0
60,0
60,0
60,0
60,0
60,0
60,0
59,0
59,0
59,0
59,0
58,0
58,0
58,1
58,0
57,0
57,0
57,0
56,0
56,0
56,0
56,0
56,0
55,0
55,0
55,0
54,0
53,0
53,0
52,0
52,0
51,0
51,0
50,0
50,0
50,0
48,0
48,0
48,0
48,0
47,0
47,0
47,0
47,0
47,0
47,0
46,0
46,0
45,0
45,0
45,0
44,1
44,0
44,0
44,0
43,1
43,1
42,0
42,1
42,0
42,0
42,0
42,0
42,0
42,0
41,0
41,0
41,0
41,0
41,0
41,0
41,0
41,0
41,0
41,0
40,0
40,0
40,0
40,0
39,0
39,1
39,1
39,1
39,1
39,0
38,1
38,0
38,0
38,1
38,0
37,0
37,0
37,0
36,0
36,0
36,0
36,0
36,0
35,0
35,0
35,0
35,0
35,0
35,0
35,0
34,0
34,0
33,0
33,0
33,0
32,0
31,0
31,0
31,0
30,0
30,0
30,0
30,0
30,0
30,1
30,0
30,0
30,0
30,0
29,0
29,0
29,0
50,0
50,0
33,0
4,0
3,0
3,0
69,1
16,0
2,1
89,1
88,1
86,1
84,1
82,1
80,1
80,1
77,1
77,1
77,0
77,1
75,1
75,1
75,1
72,1
71,1
71,1
71,1
71,1
70,1
69,1
69,1
69,1
68,1
68,1
68,1
68,1
67,0
67,1
66,1
64,1
63,0
62,1
61,1
60,1
60,1
60,1
60,1
57,1
57,1
56,1
55,0
55,1
54,1
54,1
51,1
49,1
49,1
47,1
47,0
46,1
46,1
46,1
45,1
44,1
44,1
44,1
42,1
42,1
42,1
42,1
41,1
41,0
41,0
41,1
41,0
41,1
39,1
36,1
36,1
36,1
29,1
28,1
25,1
25,1
21,1
20,1
20,1
18,1
18,1
16,1
15,1
14,1
11,1
10,1
10,1
10,1
10,1
10,1
10,1
8,1
7,1
7,1
3,1
1,1
15,0
42,1
32,1
32,1
16,0
62,0
41,1
71,1
68,1
60,1
57,1
57,1
56,1
54,1
51,1
51,1
47,1
43,1
39,1
11,1
8,1
4,1
4,1
4,1
4,1
4,1
4,1
4,1
4,1
4,1
85,1
73,1
69,1
61,1
55,1
55,1
55,1
55,1
55,1
55,1
55,1
55,1
55,1
55,1
55,1
55,1
55,1
55,1
55,1
55,1
53,1
53,1
52,1
52,1
50,0
43,1
43,1
33,1
31,1
30,1
30,1
29,1
29,1
28,1
16,1
15,1
14,1
14,1
14,1
11,1
11,1
5,1
5,1
2,1
1,1
89,1
88,1
88,1
87,1
86,1
85,1
84,1
83,1
83,0
82,1
79,1
78,1
77,1
76,1
76,0
75,1
74,1
73,1
72,1
71,1
71,1
70,0
70,0
70,1
68,1
68,1
68,1
67,1
66,1
65,1
64,1
63,1
63,1
63,1
61,1
61,0
61,0
59,1
56,1
54,1
52,1
39,1
37,1
28,1
28,1
26,0
20,1
18,1
18,1
18,1
14,1
12,1
10,1
8,1
8,1
7,1
6,0
6,1
3,0
76,1
56,0
54,1
57,1
42,1
28,1
12,1
11,1
5,1
3,1
1,1
82,0
45,0
19,0
7,0
7,1
4,1
69,0
68,0
10,1
90,0
90,0
90,0
90,0
90,0
90,0
90,0
90,0
90,0
90,0
90,0
90,0
90,0
90,0
90,0
90,0
90,0
89,0
89,0
89,0
89,0
89,0
89,0
89,0
89,0
89,0
89,0
89,0
89,0
89,0
89,0
89,0
89,0
89,0
89,0
89,0
89,0
88,0
88,0
88,0
88,0
88,0
88,0
88,0
88,0
88,0
88,0
88,0
88,0
88,0
87,0
87,0
87,0
87,0
87,0
87,0
87,0
87,0
87,0
87,0
87,0
87,0
87,0
87,0
87,0
87,0
87,0
87,0
87,0
87,0
86,0
86,0
86,0
86,0
86,0
86,0
86,0
86,0
86,0
86,0
86,0
86,0
86,0
86,0
86,0
85,0
85,0
85,0
85,0
85,0
85,0
85,0
85,0
85,0
85,0
85,0
85,0
85,0
85,0
84,0
84,0
84,0
84,0
84,0
84,0
84,0
84,0
84,0
84,0
84,0
84,0
84,0
84,0
84,0
83,0
83,0
83,0
83,0
83,0
83,0
83,0
83,0
83,0
83,0
83,0
83,0
83,0
83,0
83,0
83,0
83,0
83,0
83,0
82,0
82,0
82,0
82,0
82,0
82,0
82,0
82,0
82,0
82,0
82,0
82,0
82,0
82,0
82,0
82,0
82,0
82,0
82,0
82,0
82,0
82,0
82,0
81,0
81,0
81,0
81,0
81,0
81,0
81,0
81,0
81,0
81,0
81,0
81,0
81,0
81,0
80,0
80,0
80,0
80,0
80,0
80,0
80,0
80,0
80,0
80,0
80,0
80,0
80,0
80,0
80,0
79,0
79,0
79,0
79,0
79,0
79,0
79,0
79,0
79,0
79,0
79,0
79,0
78,0
78,0
78,0
78,0
78,0
78,0
78,0
78,0
78,0
78,0
78,0
78,0
77,0
77,0
77,0
77,0
77,0
77,0
77,0
77,0
77,0
77,0
77,0
77,0
77,0
77,0
77,0
77,0
77,0
77,0
77,0
77,0
76,0
76,0
76,0
76,0
76,0
76,0
76,0
76,0
76,0
76,0
76,0
76,0
76,0
76,0
76,0
76,0
76,0
76,0
76,0
76,0
76,0
76,0
76,0
76,0
75,0
75,0
75,0
75,0
75,0
75,0
75,0
75,0
75,0
75,0
75,0
75,0
75,0
75,0
75,0
75,0
75,0
75,0
75,0
75,0
75,0
75,0
75,0
75,0
75,0
75,0
75,0
74,0
74,0
74,0
74,0
74,0
74,0
74,0
74,0
74,0
74,0
74,0
74,0
74,0
74,0
74,0
74,0
74,0
74,0
74,0
74,0
73,0
73,0
73,0
73,0
73,0
73,0
73,0
73,0
73,0
73,0
73,0
73,0
73,0
73,0
73,0
73,0
73,0
73,0
73,0
73,0
73,0
73,0
73,0
72,0
72,0
72,0
72,0
72,0
72,0
72,0
72,0
72,0
72,0
72,0
72,0
72,0
72,0
72,0
72,0
72,0
72,0
72,0
72,0
72,0
72,0
71,0
71,0
71,0
71,0
71,0
71,0
71,0
71,0
71,0
71,0
71,0
71,0
71,0
71,0
71,0
71,0
71,0
71,0
71,0
71,0
71,0
71,0
71,0
70,0
70,0
70,0
70,0
70,0
70,0
70,0
70,0
70,0
70,0
70,0
70,0
70,0
70,0
70,0
70,0
70,0
70,0
82,0
82,0
78,0
72,1
72,1
68,0
67,0
67,0
67,0
59,1
39,0
39,0
32,0
32,1
32,1
25,0
25,0
86,1
81,1
79,1
78,1
78,1
72,1
63,1
63,1
63,1
49,1
47,1
47,1
46,1
42,1
42,1
39,1
35,1
29,1
28,1
27,0
26,0
23,1
20,1
20,1
16,1
16,1
13,1
13,1
1,1
89,1
83,0
69,1
69,1
69,1
69,1
69,1
62,1
56,0
38,0
20,1
20,1
18,0
17,1
4,1
0,0
90,1
66,1
59,1
47,1
42,1
37,1
28,1
25,1
6,1
88,1
82,1
11,1
90,1
90,1
90,1
90,1
87,1
86,1
86,1
86,1
82,1
81,1
80,1
80,1
80,1
79,1
79,1
79,1
76,1
76,1
75,1
75,1
74,1
74,1
73,1
72,1
67,1
61,1
60,1
59,1
58,1
58,1
54,1
54,1
53,1
53,1
53,1
53,1
48,1
46,1
41,1
41,1
41,1
41,1
41,1
40,1
40,1
38,1
38,1
34,1
32,1
31,1
31,1
30,1
27,1
25,1
25,1
23,1
20,1
20,1
18,1
17,1
16,1
13,0
12,1
11,1
10,1
9,1
9,1
7,1
6,1
4,1
3,1
2,1
88,1
88,1
88,1
77,1
77,1
77,0
75,1
75,1
74,1
73,1
72,1
70,1
67,1
67,0
67,1
67,1
66,1
66,1
66,1
66,1
66,1
63,0
63,1
60,1
60,1
60,1
60,1
60,1
60,1
60,1
60,1
59,1
56,1
56,1
55,1
51,1
45,1
44,1
44,1
27,1
27,0
27,0
22,1
22,1
90,1
84,1
81,1
81,1
72,1
72,1
66,1
63,1
63,1
60,1
54,1
53,1
52,1
51,1
48,1
47,1
46,1
43,1
43,1
43,1
41,1
39,1
33,0
32,1
28,1
27,1
24,1
19,1
14,1
0,1
86,0
83,1
72,0
68,0
47,1
47,0
28,1
21,1
18,0
13,0
69,0
14,1
11,1
11,1
12,1
12,1
90,0
89,1
89,1
89,1
88,1
84,1
83,1
81,1
78,1
78,1
78,1
78,1
77,1
72,1
70,1
68,0
68,1
67,1
67,1
64,1
63,1
63,1
62,1
60,1
60,1
59,1
59,1
59,1
59,1
58,0
58,1
57,1
57,1
54,1
53,1
53,0
53,1
52,1
52,0
51,1
49,1
49,1
47,1
45,1
44,1
44,1
42,0
41,1
38,1
38,1
35,0
34,1
34,1
33,1
33,0
31,1
31,1
31,1
31,1
30,0
30,1
30,1
29,0
29,1
28,1
27,0
27,1
27,1
27,1
24,1
24,1
23,1
23,1
22,1
22,1
22,1
21,1
20,1
20,1
20,1
20,1
19,0
18,0
18,1
18,1
17,1
17,1
16,1
16,0
15,1
15,1
15,0
13,1
13,1
13,1
13,1
13,1
13,1
13,1
13,1
12,0
12,0
12,1
12,1
12,1
12,1
12,1
11,1
11,1
11,1
10,1
10,1
9,0
9,0
9,0
9,0
9,0
8,1
7,1
6,1
1,0
1,1
0,1
89,1
61,1
57,1
44,1
37,1
10,1
10,0
1,1
0,1
90,1
31,1
31,1
31,1
31,1
31,1
31,1
31,1
31,1
28,1
28,1
28,1
28,1
28,1
28,1
28,1
27,1
27,1
27,1
27,1
27,1
27,1
27,1
22,1
22,1
22,1
22,1
22,1
22,1
22,1
22,1
22,1
22,1
21,1
21,1
21,1
21,1
21,1
21,1
21,1
20,1
20,1
20,1
20,1
20,1
20,1
20,1
20,1
20,1
20,1
20,1
19,1
19,1
19,1
19,1
19,1
19,1
19,1
19,1
19,1
19,1
19,1
18,1
18,1
18,1
18,1
18,1
18,1
17,1
17,1
17,1
17,1
17,1
17,1
17,1
17,1
16,1
16,1
16,1
16,1
16,1
16,1
16,1
15,1
15,1
15,1
15,1
15,1
15,1
15,1
15,1
15,1
15,1
15,1
15,1
14,1
14,1
14,1
14,1
14,1
14,1
14,1
14,1
14,1
14,1
13,1
13,1
13,1
13,1
13,1
13,1
13,1
12,1
12,1
12,1
11,1
25,1
2,1
2,1
1,1
88,1
46,1
46,1
45,1
45,1
45,1
44,0
43,1
41,1
41,1
38,1
38,1
38,0
38,1
38,1
37,1
36,1
33,1
33,1
32,1
32,1
32,1
32,1
31,1
31,1
28,1
18,1
17,1
17,1
16,1
10,1
7,0
5,1
4,0
30,0
49,0
27,0
5,0
14,0
54,0
26,0
84,1
83,1
80,1
74,1
60,1
59,1
55,1
55,1
34,1
24,0
24,0
18,1
5,0
76,1
30,1
27,1
88,1
87,1
86,1
82,1
82,1
81,1
75,1
75,1
72,1
72,1
72,1
71,1
68,1
68,1
65,1
62,1
62,1
59,1
59,1
58,1
57,1
57,1
54,1
51,1
47,1
47,1
46,1
46,1
44,0
44,1
44,1
42,1
37,1
37,1
37,1
36,0
33,1
33,1
30,1
27,1
24,1
24,1
21,1
21,1
19,1
18,1
15,1
15,1
14,1
11,1
11,1
11,1
11,1
5,1
4,1
2,1
1,1
0,1
89,0
41,0
77,1
75,1
69,1
68,1
49,1
43,1
43,1
35,1
23,1
23,1
17,0
14,1
9,1
9,1
8,1
7,1
89,1
89,0
75,1
68,0
58,0
31,1
5,0
5,0
89,1
89,1
88,1
88,1
87,1
86,1
86,1
86,1
86,1
85,1
84,1
83,1
82,1
82,1
82,1
82,1
81,1
81,1
80,1
80,1
77,1
76,1
76,1
75,1
75,1
73,1
72,1
71,1
69,1
69,1
69,1
69,1
68,1
68,1
68,1
67,1
67,1
66,1
65,1
64,1
62,1
62,1
61,1
61,1
61,1
60,1
59,1
59,1
59,1
57,1
56,1
55,1
55,1
55,1
55,1
55,1
55,1
54,1
54,1
54,1
53,1
53,1
53,1
52,1
50,1
49,1
49,1
49,1
48,1
48,1
48,1
47,1
47,1
47,1
47,1
46,1
46,1
45,1
44,1
44,1
44,1
42,1
42,1
42,1
41,1
41,1
41,1
40,1
40,1
40,1
37,1
37,1
36,1
34,1
34,1
34,1
34,1
33,1
33,1
33,1
33,1
32,1
32,1
31,1
31,1
31,1
30,1
30,1
30,1
30,1
29,1
28,1
28,1
28,1
28,1
28,1
27,1
27,1
26,1
25,1
25,1
25,1
25,1
25,1
25,1
25,1
24,1
24,1
24,1
24,1
24,1
23,1
23,1
22,1
22,1
21,1
21,1
21,1
20,1
20,1
19,1
19,1
18,1
18,1
17,1
17,1
16,1
15,1
15,1
14,1
14,1
14,1
13,1
13,1
13,1
13,1
12,1
12,1
12,1
12,1
11,1
10,1
10,1
10,1
10,1
9,1
9,1
9,1
8,1
8,1
7,1
7,1
7,1
6,1
5,1
5,1
5,1
4,1
4,1
4,1
3,1
2,1
2,1
2,1
1,1
1,1
65,0
27,1
5,0
10,0
10,0
89,1
89,1
0,1
90,1
89,1
87,1
86,1
86,1
83,1
82,1
82,1
82,0
82,0
82,1
82,1
81,1
80,1
80,1
78,1
77,1
77,1
76,1
75,1
75,1
72,1
71,0
71,0
66,0
57,0
57,1
54,1
47,1
47,1
47,0
47,1
46,1
46,1
46,1
44,1
42,1
39,1
34,1
34,1
33,1
33,1
33,1
32,1
32,1
32,0
32,1
31,1
30,1
28,1
27,1
27,1
27,1
27,1
26,1
26,1
26,1
26,1
26,1
26,1
26,1
26,1
25,1
24,1
21,1
21,1
19,1
18,1
18,1
18,1
18,1
18,1
18,1
18,1
18,1
17,1
17,1
17,1
11,1
11,1
10,1
10,1
9,1
9,1
7,1
6,1
6,1
6,1
5,1
4,1
3,0
3,1
2,1
2,1
2,1
2,1
2,1
1,1
1,1
1,1
1,1
1,1
1,1
1,1
0,1
0,1
84,0
74,0
68,0
62,0
53,0
39,0
30,0
6,0
63,0
60,0
6,1
6,1
6,1
6,1
5,1
5,1
5,0
5,0
5,0
5,1
5,1
4,1
4,0
4,1
3,0
3,0
3,1
3,1
2,0
11,1
5,1
0,1
0,1
86,0
47,0
10,0
89,1
89,1
86,1
86,1
79,1
73,1
70,1
70,1
67,1
67,1
66,1
65,1
59,1
59,1
59,1
59,1
59,1
58,1
57,1
55,1
54,1
54,1
52,1
52,1
52,1
52,1
52,1
51,1
51,1
50,1
50,1
49,1
48,1
46,1
46,1
45,1
45,1
45,1
42,1
41,1
40,1
40,1
39,1
38,1
38,1
38,1
37,1
37,1
27,1
25,1
24,1
24,1
23,1
23,1
14,1
12,1
9,1
9,1
9,1
8,0
6,1
1,1
89,0
88,1
88,1
87,0
87,1
87,0
87,0
86,0
86,0
85,0
82,1
80,0
77,1
75,0
74,0
74,1
74,1
74,1
72,0
69,1
88,1
88,1
87,0
83,1
83,0
82,1
81,0
69,0
69,0
68,1
60,0
60,1
60,1
54,0
44,1
39,0
38,0
32,1
30,0
23,1
18,0
18,1
13,1
12,1
11,0
10,1
10,1
9,1
90,1
90,1
90,1
90,1
90,1
90,1
90,1
88,1
88,0
88,1
88,1
87,1
87,1
86,1
85,1
85,1
83,1
83,1
82,1
82,1
81,1
81,1
80,1
80,1
80,1
79,1
79,0
79,1
75,1
73,1
69,1
69,1
65,1
62,0
62,1
61,1
61,1
60,1
58,1
56,1
56,1
55,1
55,1
55,1
54,1
54,1
53,1
46,1
45,1
41,1
41,1
39,1
38,1
38,1
37,1
36,1
35,1
34,0
32,1
31,1
30,1
27,1
26,1
26,1
25,1
24,1
23,0
23,1
23,1
22,1
17,1
17,1
17,1
16,1
14,1
14,1
13,0
10,1
9,1
6,1
6,1
6,1
5,1
4,1
89,1
88,1
88,1
47,1
44,1
36,1
27,1
25,1
23,1
23,1
23,1
21,1
20,1
20,1
16,1
16,1
14,1
14,1
14,1
14,1
14,1
14,1
14,1
14,1
14,1
13,0
10,1
10,0
10,0
10,1
10,1
10,1
9,1
9,1
2,1
2,1
2,0
0,1
88,0
83,0
82,0
74,0
73,0
70,0
67,0
58,0
47,0
45,0
39,0
38,0
26,0
12,0
5,0
33,0
81,0
78,0
75,0
75,0
75,0
74,1
71,0
65,0
57,1
55,0
52,0
52,0
52,0
45,0
44,0
38,0
33,0
32,0
21,0
17,0
11,0
11,0
10,0
10,0
9,0
7,0
5,0
65,0
56,0
56,0
55,0
50,0
50,0
48,0
47,0
45,0
45,0
42,0
35,0
33,0
33,0
33,0
33,0
33,0
21,0
13,0
5,0
4,0
19,1
89,0
88,0
85,0
81,0
80,0
79,0
79,0
78,0
78,0
78,0
77,0
74,0
74,0
74,0
73,0
73,1
69,0
69,0
68,0
67,0
67,0
66,0
66,0
65,0
65,0
65,0
64,0
64,0
64,1
64,0
63,0
63,0
61,0
59,0
55,0
55,0
55,0
55,0
54,0
54,1
54,0
54,0
54,0
51,0
51,0
50,0
46,0
46,0
41,0
41,0
41,0
41,0
40,0
40,0
39,0
39,0
38,0
33,0
33,0
31,0
30,0
30,0
29,0
29,0
28,0
28,0
28,0
28,0
26,0
24,0
21,0
21,0
20,0
20,0
20,0
18,0
17,0
14,0
14,0
14,0
14,0
12,0
12,0
12,0
10,0
6,0
1,0
90,1
90,1
89,1
89,1
88,1
80,1
80,1
80,1
79,1
78,1
77,1
75,1
75,1
74,1
72,1
70,1
69,1
68,1
68,0
66,1
66,1
66,1
63,1
62,1
62,1
62,0
62,1
60,0
60,1
59,1
59,1
58,1
58,1
57,1
54,1
52,0
44,1
44,1
43,1
43,1
35,0
29,1
25,1
25,1
21,1
18,0
17,0
5,1
45,1
65,0
61,0
61,0
55,0
53,1
53,0
53,1
48,0
34,0
31,1
90,1
90,1
90,1
90,1
90,1
90,0
88,0
88,1
88,0
87,0
84,1
84,0
81,1
81,0
80,1
77,1
77,0
75,1
75,0
74,1
74,0
73,1
71,1
69,1
69,0
67,1
67,0
65,1
65,1
64,1
63,1
63,1
61,1
61,0
61,1
61,0
60,1
60,0
59,1
54,1
54,1
54,0
53,1
53,0
50,1
50,0
50,1
48,1
48,0
47,1
47,0
46,1
46,0
41,1
40,1
39,1
39,0
34,1
34,0
33,1
33,1
33,1
33,0
33,1
29,1
29,0
29,1
26,1
26,0
25,1
25,0
19,1
19,0
18,1
18,0
16,1
13,1
13,0
12,1
12,0
12,0
12,1
12,0
11,0
11,1
11,0
8,1
8,1
8,1
8,1
8,1
7,1
7,1
5,1
5,0
4,1
4,0
89,1
87,1
81,1
80,0
79,0
79,1
75,1
67,1
62,1
58,1
52,1
51,1
50,1
48,1
48,1
47,1
47,1
39,0
37,1
35,1
34,0
31,1
31,1
31,1
31,1
30,1
26,1
25,1
23,1
18,1
17,1
12,0
11,0
6,1
82,1
82,1
81,1
74,0
73,1
73,1
59,1
59,1
58,1
58,1
58,1
56,0
55,1
51,1
51,1
48,1
48,1
48,0
48,1
48,1
48,1
44,1
44,1
44,0
40,1
29,1
28,0
28,0
26,1
9,1
9,1
8,0
3,1
0,1
0,0
0,1
86,1
84,1
82,1
82,1
81,1
79,1
73,1
46,0
44,1
43,1
30,1
23,1
22,1
21,1
20,1
10,1
9,1
8,1
5,0
3,0
2,1
2,1
1,1
1,1
90,0
90,1
90,1
90,1
90,1
89,1
88,1
88,1
88,1
87,0
85,1
84,1
83,1
83,0
83,1
82,1
82,1
82,1
81,1
81,1
80,1
80,1
79,1
79,1
78,1
77,1
77,1
76,1
76,1
75,1
74,1
73,0
73,0
73,1
73,1
73,1
72,1
72,1
71,1
71,0
71,1
69,1
69,1
69,0
69,0
68,1
67,1
67,1
66,1
66,1
66,1
65,0
65,0
65,0
63,1
62,1
61,1
61,1
61,1
60,1
60,0
60,0
60,1
60,1
59,0
59,0
59,1
59,0
59,1
59,1
58,0
58,0
58,1
57,1
57,1
56,1
55,1
55,1
54,0
54,0
54,1
54,1
54,1
54,0
53,1
53,1
53,0
52,1
51,0
51,1
51,1
51,1
51,0
50,1
48,1
48,0
48,1
47,1
47,1
47,1
46,0
46,1
46,1
46,1
45,0
45,0
41,1
41,1
41,1
40,1
40,1
39,1
38,1
37,0
36,1
36,1
36,0
35,1
33,1
33,0
33,1
33,1
32,1
32,1
30,1
29,1
27,1
26,1
23,1
22,1
22,1
20,1
19,1
19,1
19,1
18,0
18,1
17,1
17,1
16,1
14,1
14,0
13,0
13,0
13,0
11,1
11,0
11,1
10,1
10,0
10,0
9,1
9,1
9,1
8,1
8,1
8,1
7,0
6,1
6,1
6,1
6,1
5,1
5,1
3,1
1,1
1,1
0,0
0,1
0,1
43,0
90,1
90,1
90,1
81,0
80,1
78,1
78,1
78,1
74,0
74,1
73,0
73,1
73,1
73,1
72,0
72,1
71,0
60,1
59,0
55,1
53,1
44,0
40,0
39,0
38,1
38,0
35,1
67,1
49,1
46,1
82,1
59,1
53,1
53,1
52,1
38,1
38,1
31,1
26,1
22,1
20,1
19,1
19,1
3,1
85,0
75,0
63,0
63,0
63,0
63,0
59,0
39,0
39,0
25,0
25,0
20,0
83,1
73,1
73,1
4,1
88,1
88,1
86,1
84,1
83,1
81,1
80,1
80,1
80,1
80,1
80,1
78,1
75,1
74,1
73,1
72,1
72,0
69,1
69,1
69,1
67,1
67,1
67,1
66,1
65,1
63,1
59,1
51,1
51,1
51,1
34,1
33,1
31,1
29,1
26,1
23,0
23,0
22,1
20,1
12,1
12,1
12,1
11,1
10,1
6,1
6,1
5,1
5,1
5,1
5,1
4,1
3,1
1,1
1,1
1,1
1,1
0,1
88,0
86,0
85,0
84,0
80,0
69,0
68,0
68,1
68,1
68,0
61,0
60,0
56,1
53,0
52,0
47,0
41,1
39,0
39,0
39,0
33,0
32,1
31,0
28,0
26,0
24,0
23,1
22,0
22,0
21,1
21,0
18,0
17,0
15,0
13,0
6,1
5,1
4,0
4,0
2,0
1,1
1,1
90,0
86,0
86,0
81,0
76,0
75,1
75,0
67,0
67,0
62,1
61,1
51,0
39,0
26,0
23,0
23,1
18,1
16,0
16,0
11,0
10,0
5,0
3,0
3,0
88,0
83,0
83,0
81,0
81,0
81,0
81,0
81,0
81,0
79,0
79,0
79,0
79,0
79,0
76,0
76,0
75,0
74,0
74,0
74,0
74,0
74,0
74,0
74,0
72,0
72,0
72,0
68,0
68,0
68,0
68,0
67,0
67,0
67,0
66,0
66,0
65,0
65,0
65,0
65,0
62,0
62,0
62,0
61,0
61,0
61,0
60,0
60,0
60,0
60,0
60,0
60,0
59,0
59,0
58,0
58,0
58,0
58,0
58,0
58,0
55,0
55,0
54,0
54,0
54,0
54,0
53,1
53,0
52,1
52,0
52,0
51,0
51,0
48,0
48,0
48,0
48,0
48,0
48,0
48,0
48,0
47,0
47,0
47,0
47,0
44,0
41,0
41,0
41,0
41,0
41,0
41,0
40,0
40,0
39,0
39,0
39,0
39,0
39,0
39,1
39,0
39,0
39,0
38,0
38,0
38,0
38,0
38,0
37,0
37,0
37,0
34,0
34,0
34,0
33,0
33,0
33,0
33,0
32,0
32,0
32,0
32,0
32,0
31,0
31,0
31,0
31,0
30,0
30,0
30,0
30,0
30,0
30,0
30,0
30,0
30,0
30,0
25,0
25,0
25,1
25,0
25,0
25,0
24,0
23,0
23,0
23,0
23,0
23,0
23,0
23,0
19,0
19,1
19,0
19,0
19,0
17,0
17,0
16,0
16,0
15,0
13,0
12,0
12,0
3,0
2,0
2,0
2,0
2,0
1,0
1,0
90,0
88,0
86,0
86,0
83,0
81,0
79,0
75,0
68,0
67,0
67,0
66,0
65,0
65,0
62,1
62,0
60,1
58,0
55,0
53,1
51,0
48,0
48,0
48,0
47,0
47,0
46,0
45,0
44,0
40,0
40,0
38,0
33,0
33,0
32,0
31,0
26,1
20,0
20,0
16,0
12,0
12,1
12,0
10,0
9,0
9,0
9,0
6,0
4,0
3,1
19,1
86,0
83,1
76,1
71,0
69,1
62,1
61,0
55,1
48,1
41,1
27,1
24,0
20,0
18,0
16,0
5,1
5,1
90,0
90,1
88,1
88,1
88,1
87,1
87,0
87,1
86,1
86,1
85,1
85,1
85,1
85,1
85,1
84,1
84,1
84,1
84,1
83,1
81,1
80,1
78,1
77,1
75,1
75,0
74,1
74,1
73,1
70,1
70,1
69,1
69,1
68,1
64,1
64,1
64,1
63,1
62,1
62,1
61,1
60,0
59,1
59,1
58,1
58,1
58,1
57,1
56,1
55,1
54,1
54,1
54,1
53,1
53,1
51,1
51,1
50,1
49,1
49,1
49,1
49,1
48,1
48,1
48,1
48,1
48,1
47,1
46,1
45,1
45,1
45,1
44,1
44,1
44,1
43,1
42,1
41,1
41,1
41,1
41,1
41,1
41,1
39,1
38,1
38,1
38,1
38,1
38,1
38,1
36,1
34,1
34,1
33,1
33,1
32,1
32,1
32,1
32,1
31,1
29,1
29,1
29,1
29,1
28,1
28,1
27,1
27,1
26,1
24,1
24,1
24,1
24,1
23,1
23,1
22,1
22,1
22,1
22,1
22,1
21,1
20,1
20,1
20,1
20,1
18,1
18,1
18,1
18,1
17,1
17,1
17,1
16,1
16,1
15,1
15,1
14,1
14,1
13,1
13,1
13,1
13,1
13,1
11,1
11,1
11,1
11,1
10,1
10,1
10,1
10,1
10,1
8,1
6,1
5,1
4,1
4,1
4,1
3,1
3,1
3,1
2,1
2,1
2,1
2,1
2,1
2,1
1,1
1,1
90,1
90,1
90,1
90,1
90,1
90,0
89,1
89,1
89,1
88,1
88,1
88,1
87,1
87,1
87,1
86,1
86,1
86,1
85,1
85,1
85,1
84,0
84,1
84,1
83,1
81,1
81,1
80,1
80,1
80,0
79,1
79,1
78,1
78,1
78,1
77,1
76,1
76,1
74,1
74,1
74,1
74,0
73,1
73,1
73,1
72,1
72,1
72,1
71,1
71,1
70,1
70,1
70,1
69,1
68,1
67,1
67,1
67,1
67,1
67,1
67,1
66,1
65,1
65,1
64,1
64,1
64,1
63,1
63,1
63,1
62,1
62,1
62,1
62,1
61,0
61,1
61,1
61,1
61,1
59,1
59,1
59,1
58,1
58,1
58,1
57,1
57,1
56,0
56,1
56,0
56,1
56,1
55,1
55,1
55,1
54,1
54,1
54,1
53,0
53,1
53,1
53,1
53,1
52,1
52,1
50,1
49,1
49,1
49,0
49,1
48,1
48,1
48,1
47,1
47,1
47,1
47,1
46,1
46,1
46,1
46,1
46,0
45,1
45,1
45,1
44,1
44,1
44,1
43,0
43,1
43,1
42,1
42,1
42,1
42,1
41,0
41,1
40,1
40,1
39,1
39,1
39,1
39,1
39,1
39,1
39,1
38,1
38,1
38,1
38,0
37,1
37,1
36,1
36,1
36,1
36,1
36,1
35,1
35,1
35,1
35,1
34,1
34,1
34,1
34,1
33,0
33,1
33,1
33,1
33,1
32,1
31,1
31,1
31,1
30,1
30,1
30,1
30,1
30,1
29,1
29,1
28,0
28,0
28,1
28,1
27,1
27,1
27,1
26,1
26,1
26,1
25,0
25,1
25,1
24,1
24,1
22,1
21,1
21,1
21,0
21,1
20,1
20,1
19,1
19,1
19,1
19,0
19,1
18,1
17,1
17,1
17,1
17,1
17,1
15,1
15,1
15,1
15,1
15,0
14,1
14,1
14,1
13,1
13,1
13,1
12,0
12,1
12,1
11,1
11,1
11,1
11,1
10,0
10,0
10,1
9,1
9,1
9,1
9,1
8,1
8,1
8,1
8,1
8,1
8,1
8,1
7,1
7,0
6,1
6,1
5,1
5,1
5,1
5,1
4,1
4,0
4,1
4,1
3,1
3,1
3,0
3,1
3,1
3,1
2,0
2,1
2,1
2,1
2,1
0,1
0,1
0,1
84,0
79,0
68,0
58,0
50,0
47,0
46,0
43,0
38,0
38,0
28,0
17,0
17,0
17,0
16,0
12,0
4,0
88,0
86,0
86,0
80,0
79,0
78,0
77,0
76,1
76,0
76,0
74,0
74,1
74,0
73,0
73,0
72,0
71,0
70,0
70,0
69,0
68,0
68,1
67,0
66,1
65,1
64,1
63,1
63,1
61,1
61,1
61,0
60,1
60,0
60,1
59,0
59,0
58,0
57,0
55,1
55,0
54,1
47,0
46,0
45,0
44,0
44,1
43,1
43,0
43,0
40,0
37,0
37,0
34,0
34,0
34,0
33,0
30,0
30,0
28,0
26,0
25,0
23,0
23,0
23,0
23,1
21,0
18,0
17,1
17,0
14,1
13,1
12,0
12,0
12,0
10,0
9,0
6,1
3,0
2,1
0,1
87,0
87,0
82,0
81,0
81,1
81,1
80,0
80,0
80,0
80,0
80,0
80,0
80,0
75,0
75,1
74,0
73,0
72,0
69,0
68,0
65,0
65,0
65,0
60,0
58,1
58,0
58,0
58,0
58,0
54,0
54,0
54,1
53,0
53,0
53,0
52,0
52,0
48,1
48,0
44,0
40,1
39,0
39,0
37,0
32,0
32,0
32,0
27,0
27,0
25,0
24,0
20,0
18,0
18,0
17,0
17,0
16,0
16,0
12,0
12,0
6,0
4,0
4,0
3,0
72,0
69,1
69,0
69,0
68,0
66,0
66,0
66,0
53,0
45,0
45,0
39,0
26,0
21,0
21,0
20,0
20,0
17,0
69,1
44,0
17,0
17,0
17,0
17,0
17,0
17,0
14,0
12,0
11,0
7,0
6,0
3,0
90,0
90,0
89,1
89,0
89,0
87,0
83,0
83,0
83,0
83,0
82,0
77,1
76,1
75,0
75,1
75,0
74,0
74,1
73,1
72,0
72,1
72,0
71,0
71,1
71,1
69,1
69,1
68,1
68,0
67,0
66,0
66,1
66,1
65,1
65,1
65,0
64,0
63,0
63,1
62,0
62,0
60,0
60,0
60,1
59,0
59,0
59,0
59,0
59,0
59,1
59,1
59,1
58,1
58,0
58,1
56,0
56,0
55,1
55,0
55,0
55,0
55,1
53,1
53,0
53,0
53,1
51,0
50,1
48,1
47,0
47,0
47,0
46,1
46,0
46,0
46,0
44,0
44,0
44,0
43,0
43,0
43,1
42,0
38,1
37,1
36,1
36,0
35,1
35,1
34,1
34,0
34,0
34,0
33,0
33,0
33,0
32,1
31,1
31,1
29,0
29,1
29,1
28,1
28,0
28,1
27,1
27,0
27,0
27,1
27,0
26,0
25,1
24,1
23,0
23,1
22,1
22,1
21,0
20,1
20,1
19,0
19,1
18,0
18,0
17,1
17,0
16,0
15,0
12,0
12,0
11,1
10,0
9,0
9,0
8,0
6,0
5,0
5,1
5,0
5,0
5,0
3,0
3,0
1,1
1,1
0,1
78,1
66,0
59,0
48,0
7,1
89,1
81,0
81,0
52,1
40,1
40,1
38,1
89,1
81,1
52,1
46,1
45,1
45,1
45,1
40,1
40,1
38,1
24,1
24,1
19,1
19,1
19,1
46,0
37,0
17,0
13,1
6,0
86,0
6,0
88,1
88,0
88,1
88,1
86,1
86,0
86,1
86,1
82,1
82,1
82,1
82,1
82,1
81,1
81,1
81,1
80,1
80,1
80,1
79,1
79,1
78,1
76,1
74,1
74,1
72,1
72,1
72,1
70,1
70,1
69,1
68,1
68,0
67,1
67,1
67,1
67,1
67,1
67,1
67,1
66,1
66,1
66,1
65,1
65,1
65,1
63,1
62,0
61,0
60,0
59,0
59,1
59,0
59,1
59,1
59,1
59,1
59,1
59,1
59,1
58,1
57,0
54,1
54,1
51,1
50,1
49,1
49,1
48,1
46,1
46,1
46,1
46,1
45,1
44,1
44,1
42,1
42,1
41,1
41,1
40,1
39,1
39,1
38,1
38,1
37,1
37,1
36,1
36,1
31,0
26,1
26,1
26,1
24,1
18,1
17,1
17,1
16,1
11,1
11,1
11,1
10,0
10,1
10,1
5,1
2,1
2,1
2,1
0,1
89,1
89,1
87,1
87,1
86,1
86,1
86,1
85,1
85,1
84,1
84,1
81,1
76,1
75,1
75,1
75,1
75,1
74,1
74,0
72,1
71,1
71,1
71,1
71,1
70,1
70,1
70,1
70,1
68,1
68,1
68,1
68,1
68,1
86,1
86,1
86,1
48,1
48,1
47,1
47,1
46,1
46,1
46,1
45,1
45,1
44,1
44,1
41,1
40,1
39,1
39,1
38,1
34,1
31,1
27,1
26,1
26,1
25,1
24,1
23,1
23,1
22,1
22,1
22,1
22,1
22,1
20,1
20,1
19,1
19,1
18,1
18,1
18,1
18,1
17,1
16,1
16,0
16,1
16,1
13,1
13,1
13,1
12,1
12,1
11,1
11,1
10,1
10,1
10,1
9,1
9,1
9,1
8,1
8,1
7,1
7,1
6,1
6,1
6,1
6,1
6,1
5,1
5,1
5,1
4,1
4,1
4,1
3,1
3,1
2,1
2,1
2,1
2,1
1,1
0,1
0,1
17,0
14,1
0,0
51,1
79,0
14,0
79,0
44,0
26,0
54,1
54,1
54,1
87,1
87,0
80,1
80,1
70,1
58,0
47,1
20,1
6,1
3,1
22,0
56,1
27,1
10,1
90,1
90,1
89,1
89,1
89,1
89,1
89,1
89,1
89,1
89,1
89,1
89,1
88,1
88,1
88,1
88,0
87,1
87,1
87,1
87,1
87,1
87,1
87,1
83,1
82,1
82,1
81,1
81,1
81,1
81,1
81,1
81,1
81,1
81,1
80,1
80,1
80,1
80,1
80,1
80,1
80,1
80,1
80,1
79,1
79,1
79,1
79,1
79,1
79,1
79,1
79,1
78,1
76,1
76,1
76,1
75,1
75,1
75,1
74,1
74,1
74,1
74,1
74,1
74,1
74,1
74,1
73,1
73,1
73,1
73,1
69,1
69,1
69,1
69,1
68,1
68,1
68,0
68,0
68,1
68,1
67,1
66,1
66,1
66,1
62,1
62,1
62,1
62,1
62,1
61,1
61,1
61,1
61,1
61,1
60,1
60,1
60,1
60,1
60,1
60,1
60,1
60,0
59,1
59,1
59,1
59,0
58,1
58,1
54,1
54,1
54,1
54,1
54,1
54,1
53,1
53,1
53,1
53,1
53,1
53,1
53,1
53,0
52,1
52,1
52,0
52,1
52,1
52,1
52,1
51,1
51,1
51,0
51,1
51,1
51,1
51,1
51,1
51,1
51,1
51,1
50,1
50,1
50,1
50,1
50,1
50,1
50,1
49,1
49,1
49,1
49,1
48,1
48,1
48,1
48,1
48,1
47,1
47,1
47,1
47,1
47,1
46,1
46,1
46,1
46,1
46,1
46,1
46,1
46,1
45,1
45,1
44,1
44,1
44,1
44,1
44,1
44,1
44,1
43,1
43,1
43,1
43,1
43,1
43,1
42,1
42,1
42,1
42,1
42,1
42,1
41,1
41,1
41,1
41,1
41,1
40,1
40,1
40,1
40,1
40,1
40,1
40,1
40,1
39,1
39,1
39,1
38,1
38,1
38,1
38,1
38,1
38,1
38,1
37,1
37,1
37,1
37,1
37,1
37,1
37,1
36,1
36,1
36,1
36,1
36,1
36,1
36,1
35,1
35,1
35,1
35,1
34,1
34,1
34,1
34,1
34,1
34,1
34,1
34,1
33,1
33,1
32,1
32,1
32,1
32,1
32,1
32,1
32,1
32,1
32,1
31,1
31,1
31,1
31,1
31,1
30,1
30,1
30,1
30,1
30,1
30,1
30,1
30,1
29,0
29,1
29,1
29,1
28,1
28,1
28,1
27,1
27,1
27,1
27,1
26,1
26,1
26,1
26,1
26,1
26,1
26,1
26,1
25,1
25,1
24,1
24,1
24,1
24,1
24,1
24,1
24,1
23,1
23,1
23,1
22,1
22,1
22,1
22,1
22,1
22,1
21,1
21,1
21,1
21,1
21,1
21,1
21,1
21,1
21,1
20,1
20,1
20,1
20,1
20,1
19,1
18,1
18,1
18,1
18,1
17,1
17,1
17,1
17,1
17,1
17,1
17,1
16,1
16,1
16,1
16,1
16,1
15,0
15,1
15,1
15,1
15,1
14,1
14,1
14,1
14,1
14,1
13,1
13,1
13,1
13,1
13,1
12,1
12,1
12,1
12,1
11,1
11,1
11,1
11,1
11,1
10,1
10,1
10,1
10,1
10,1
9,1
9,1
9,1
9,1
8,1
8,1
8,1
8,1
8,1
7,1
7,1
7,1
6,1
6,1
6,1
6,1
6,1
6,1
6,1
6,1
5,1
5,1
5,1
5,1
4,1
4,1
4,1
4,1
4,1
4,1
4,1
4,1
4,1
3,1
3,1
3,1
3,0
3,1
2,1
2,1
2,1
2,1
2,1
1,1
1,1
1,1
1,1
1,1
1,1
1,1
0,1
0,1
0,1
0,1
0,1
31,1
18,1
17,1
14,1
3,0
3,0
9,0
