56,1
28,0
86,0
0,0
31,0
67,0
80,1
21,0
14,1
76,0
38,0
2,0
74,0
51,0
25,0
6,0
85,0
80,0
79,0
83,0
79,0
72,0
25,0
2,0
11,0
77,0
76,0
47,0
47,0
7,1
79,0
79,0
76,0
58,0
58,0
42,0
42,0
18,0
11,0
8,0
7,0
75,0
51,0
38,0
89,0
27,0
59,0
59,0
59,0
59,0
59,0
59,0
59,0
59,0
59,0
59,0
59,0
53,0
15,0
42,0
47,0
31,0
23,0
60,0
53,0
88,0
70,0
68,0
52,0
45,0
44,0
44,1
64,0
35,0
0,0
82,0
80,1
6,0
85,0
81,0
48,1
84,0
84,0
69,0
63,0
51,0
40,0
85,0
85,0
87,1
70,1
70,1
70,1
52,1
48,1
48,1
44,1
43,1
26,1
13,1
89,0
79,1
78,0
71,0
66,0
65,0
64,0
60,0
58,0
55,0
52,0
51,0
51,0
51,0
51,0
50,0
49,0
49,0
49,0
49,0
48,0
48,0
47,0
45,0
43,0
42,0
42,0
41,0
41,0
40,0
40,0
39,0
39,0
37,0
36,0
34,1
34,0
34,0
33,0
31,0
29,0
29,0
26,0
26,0
26,0
26,0
25,0
24,0
24,0
22,0
22,0
21,0
21,0
21,0
17,0
15,0
15,0
14,0
13,0
13,0
13,0
12,0
9,0
9,0
8,0
8,0
7,0
6,0
6,0
6,0
5,0
4,0
3,0
3,0
2,0
1,0
0,0
0,0
0,0
12,0
20,0
40,0
17,0
17,0
42,0
54,0
30,0
83,0
42,0
46,0
65,0
19,0
13,0
2,0
74,0
56,0
52,0
79,0
69,0
57,0
31,0
17,0
77,0
41,0
67,0
67,0
62,0
79,0
71,0
55,1
53,0
36,0
48,0
17,0
18,0
18,0
53,0
42,0
9,0
57,0
87,0
3,0
75,0
73,0
70,0
42,0
41,0
35,0
33,0
85,0
69,0
64,0
2,0
36,1
87,0
80,0
53,0
62,1
79,0
9,0
2,0
87,0
0,0
71,0
11,0
7,0
43,0
16,0
16,0
59,0
34,0
73,0
85,0
59,0
57,0
55,0
54,0
51,0
51,0
49,0
48,0
47,0
41,0
33,0
33,0
8,0
6,1
51,0
48,0
46,0
82,0
45,0
40,0
36,0
29,0
29,0
21,0
21,0
21,0
18,0
47,0
89,0
80,0
85,0
74,0
74,0
72,0
37,0
28,0
23,0
23,0
22,0
3,0
80,0
71,0
70,0
69,0
51,1
47,0
43,0
20,0
68,0
64,0
66,0
22,0
14,0
6,0
6,1
5,0
1,1
