86,0
70,0
70,1
64,0
53,0
29,0
20,0
32,0
27,0
89,0
89,0
89,1
87,1
82,0
78,0
49,1
38,0
29,0
21,0
21,0
8,0
70,0
59,0
42,0
36,0
35,0
35,0
21,0
5,0
48,0
34,0
13,0
50,0
78,0
78,0
51,0
50,0
48,0
62,0
85,0
79,0
56,0
50,0
48,0
44,0
40,0
39,0
34,0
29,0
28,0
0,0
30,1
79,1
67,0
64,1
57,0
56,1
56,1
35,0
35,0
22,0
22,1
22,0
22,0
22,0
20,0
17,0
13,1
13,0
9,0
3,1
2,0
2,0
1,0
1,0
1,0
0,0
0,0
78,0
51,0
49,0
27,0
18,0
49,0
44,0
44,0
24,0
81,0
61,0
51,0
46,0
46,0
43,1
35,0
34,0
27,0
15,0
63,0
63,0
51,0
37,0
22,0
22,0
22,0
22,0
15,0
88,0
70,0
64,0
64,0
51,0
43,0
32,0
22,0
86,0
80,0
63,0
63,1
59,0
22,0
79,1
68,0
63,0
14,0
64,0
59,0
49,0
49,0
44,0
43,0
43,0
36,0
35,0
29,0
28,0
28,0
23,0
22,0
22,0
22,0
21,0
21,0
20,0
20,0
20,0
14,0
6,0
6,0
77,1
42,0
69,1
69,0
65,0
60,0
59,0
52,0
48,1
35,0
57,0
48,0
86,0
46,0
23,0
77,0
0,0
88,0
68,0
67,0
48,0
22,0
10,0
2,0
29,0
85,0
84,0
79,0
78,0
49,0
26,0
20,1
64,0
62,0
50,0
40,0
13,0
13,0
4,0
4,0
69,0
69,1
63,0
34,0
34,0
30,0
85,1
29,0
22,0
22,0
10,0
6,0
2,0
1,0
85,0
84,0
72,0
55,0
49,0
49,0
84,0
79,0
69,1
69,0
63,0
58,0
54,0
51,0
50,0
50,0
43,0
43,0
43,0
42,1
42,0
15,0
0,0
79,0
54,0
16,0
16,0
15,0
89,0
72,0
28,0
28,0
27,0
24,0
22,0
20,0
16,0
16,1
12,0
11,0
11,0
8,0
8,0
7,0
2,0
1,1
57,0
47,0
15,0
8,0
36,0
9,0
84,1
84,0
70,0
56,1
47,0
45,0
45,0
43,0
39,0
21,1
20,0
16,0
13,0
1,0
1,0
0,0
89,0
76,0
65,0
58,0
58,0
58,0
58,0
58,0
49,0
29,0
85,0
78,0
36,0
49,0
49,1
25,0
25,0
2,0
1,0
0,0
27,0
86,0
81,0
79,0
71,1
64,0
64,0
62,0
62,0
62,0
61,0
61,0
54,0
49,0
48,0
43,0
36,0
29,1
26,0
20,0
59,0
55,0
49,0
42,0
29,0
85,0
65,0
65,0
64,0
63,0
61,0
49,0
43,0
37,0
12,0
78,0
65,0
63,0
53,0
30,0
29,0
3,0
77,0
49,0
47,0
80,0
78,1
65,0
59,0
43,0
42,0
37,0
37,0
33,0
31,0
29,0
29,0
24,0
18,0
18,0
10,0
6,0
6,0
37,0
36,0
67,0
43,0
27,0
78,0
48,0
47,0
69,0
69,0
58,0
24,0
21,0
20,0
19,0
16,0
16,0
4,0
49,0
