73,0
65,0
59,0
45,0
17,0
7,0
80,0
80,0
6,0
82,0
82,0
80,0
76,0
75,0
67,0
42,0
39,0
39,0
33,0
33,0
26,0
25,0
25,0
25,0
13,0
5,0
3,0
3,0
3,0
3,0
3,0
0,0
0,0
62,0
62,0
62,0
62,0
62,0
62,0
59,0
34,0
34,0
34,0
34,0
27,0
25,0
25,0
25,0
22,0
17,0
75,0
66,0
16,0
87,0
87,0
83,0
79,0
77,0
61,0
61,0
33,0
32,0
32,0
32,0
32,0
30,0
29,0
24,0
23,0
23,0
23,0
23,0
23,0
20,0
20,0
15,0
5,0
2,0
2,0
84,0
56,0
26,0
9,0
81,0
46,0
43,0
9,0
86,0
74,0
74,0
57,0
51,0
51,0
26,0
23,0
22,0
22,0
86,0
69,0
61,0
61,0
55,0
54,0
63,0
5,0
57,0
30,0
66,0
83,0
59,1
50,0
49,0
43,0
40,0
40,0
40,0
24,0
18,0
14,0
14,1
5,0
3,0
84,0
72,0
44,0
22,0
76,0
55,0
57,0
57,1
49,0
65,0
37,0
29,0
26,0
18,0
18,0
31,0
36,0
80,0
79,0
79,0
71,0
71,0
24,0
17,0
8,0
72,0
42,0
35,0
45,0
43,0
43,0
43,0
43,0
42,0
40,0
38,0
35,0
29,0
29,0
25,0
22,0
21,0
9,0
6,0
3,0
48,0
39,0
38,0
35,0
35,0
23,0
22,0
19,0
19,0
1,0
84,0
80,0
67,0
57,0
57,0
58,0
3,0
80,0
69,0
59,0
42,0
38,1
37,0
20,0
13,0
5,0
62,0
66,0
13,0
87,0
30,0
30,1
23,0
14,0
14,0
83,0
30,0
30,0
27,0
70,0
69,0
83,0
71,0
36,0
30,0
30,1
26,0
13,0
4,0
3,0
0,0
85,0
74,0
22,0
17,0
17,0
29,0
23,0
22,0
20,0
18,0
7,0
0,0
