-524,0
-568,0
-525,0
-554,0
-521,0
-526,0
-527,0
-529,0
-581,0
-511,0
-516,0
-532,0
-532,0
-575,0
-576,0
-574,0
-595,0
-531,0
-561,0
-581,0
-574,0
-516,0
-559,0
-511,1
-539,0
-511,0
-513,0
-513,0
-518,0
-519,0
-519,0
-520,0
-521,0
-523,0
-528,0
-528,0
-534,0
-534,0
-538,0
-543,0
-548,0
-551,0
-575,0
-587,0
-595,0
-512,0
-569,0
-559,0
-563,0
-572,0
-532,0
-540,0
-560,0
-564,0
-568,0
-581,0
-595,0
-563,0
-596,0
-517,0
-596,0
-584,0
-511,0
-525,0
-515,0
-539,0
-555,0
-576,0
-584,0
-595,0
-536,0
-597,0
-553,0
-560,1
-561,1
-561,0
-561,0
-567,0
-581,0
-573,0
-536,0
-583,0
-566,0
-553,0
-544,0
-530,0
-567,0
-568,1
-533,0
-534,0
-537,0
-556,0
-556,0
-581,0
-588,0
-533,0
-535,0
-544,0
-555,0
-555,0
-589,0
-542,0
-512,0
-533,0
-537,0
-582,0
-588,0
-588,0
-578,0
-597,1
-566,0
-532,0
-539,0
-582,1
-582,1
-582,1
-583,1
-559,0
-582,1
-594,0
