65,0
6,0
6,0
43,0
86,1
89,0
45,0
85,1
42,0
41,0
40,0
28,0
49,0
49,0
49,0
39,0
9,0
5,0
83,0
78,0
57,0
54,0
45,0
30,0
25,0
24,0
66,0
29,0
54,1
56,0
19,1
87,0
80,0
64,0
64,0
55,0
52,0
29,0
29,0
29,0
29,0
27,0
8,0
76,1
70,0
67,1
67,1
42,1
20,1
88,1
47,0
11,1
8,0
4,0
80,0
66,0
30,1
24,1
7,0
84,0
60,0
81,1
80,1
37,0
37,0
65,0
65,0
38,1
61,0
10,0
62,1
49,0
19,1
7,0
7,0
68,0
68,0
65,0
61,0
58,0
56,0
51,0
18,0
8,1
67,0
67,0
62,0
62,0
59,1
58,0
57,0
84,1
56,0
56,0
55,0
88,0
88,0
88,0
88,0
88,0
88,0
87,0
87,0
87,0
87,0
87,0
86,0
86,0
82,0
70,1
78,0
74,0
36,0
33,0
28,0
25,0
19,0
76,0
70,0
70,0
26,0
21,0
14,0
12,1
55,0
43,0
10,0
9,0
35,0
35,0
34,0
2,0
64,0
64,0
62,1
12,1
63,0
