-107,0
-152,1
-116,0
-138,0
-120,0
-141,0
-152,0
-80,0
-81,0
-102,0
-138,0
-112,0
-100,0
-117,0
-127,0
-122,0
-133,0
-93,1
-117,0
-152,0
-137,0
-87,0
-87,0
-89,0
-104,0
-105,0
-144,0
-116,0
-68,0
-85,0
-96,0
-77,0
-84,0
-106,0
-113,0
-129,0
-119,0
-151,0
-108,0
-111,0
-111,0
-111,0
-114,0
-121,0
-122,0
-122,0
-129,0
-91,0
-97,0
-99,0
-101,0
-115,0
-121,0
-122,0
-122,0
-128,0
-128,0
-128,0
-132,0
-142,0
-127,0
-78,0
-115,0
-118,0
-115,0
-91,0
-96,0
-105,0
-116,0
-135,0
-138,0
-151,0
-151,0
-65,0
-69,0
-80,0
-89,0
-95,0
-108,0
-111,0
-113,0
-118,0
-128,0
-128,0
-128,0
-131,0
-138,0
-148,0
-148,0
-100,0
-114,0
-118,0
-71,0
-116,0
-145,0
-66,0
-68,1
-70,0
-72,0
-73,0
-78,0
-99,0
-101,0
-128,0
-70,0
-86,0
-90,0
-118,0
-123,0
-119,0
-107,0
-89,0
-111,0
-120,0
-120,0
-148,0
-148,1
-110,0
-142,0
-120,0
-85,0
-85,0
-124,0
-149,0
-133,0
-126,0
-66,0
-76,0
-77,0
-77,1
-85,0
-95,0
-123,0
-144,0
-77,0
-78,0
-81,0
-89,0
-98,0
-99,0
-101,0
-101,0
-103,0
-112,0
-121,0
-121,0
-127,0
-135,0
-137,0
-143,0
-86,0
-86,0
-110,0
-116,0
-77,0
-76,0
-88,0
-122,0
-128,0
-139,0
-121,0
-109,1
-65,0
-122,0
-122,0
-77,0
-78,0
-118,0
-138,0
-67,1
-80,0
-84,0
-123,0
-123,1
-150,0
-114,0
-115,1
-124,0
-140,0
-65,0
-73,0
-107,0
-107,0
-101,0
-110,0
-138,0
-116,0
-133,0
-133,0
-81,0
-144,0
-72,0
-76,0
-77,0
-79,0
-119,0
-135,0
-145,0
-116,0
-120,0
-129,0
-129,0
-82,0
-96,1
-92,0
-84,0
-88,0
-133,0
-75,0
-114,0
-83,0
-115,0
-136,0
-120,0
-128,0
-132,0
-133,0
-143,0
-81,0
-139,0
-142,0
-144,0
-117,0
-133,0
-66,0
-73,0
-77,0
-85,0
-113,0
-113,0
-122,0
-124,0
-136,0
-153,0
-77,0
-134,0
-150,0
-100,0
-105,0
-114,0
-146,0
-149,0
-78,0
-64,0
-120,0
-151,0
-151,0
-127,0
-104,0
-68,0
-76,0
-116,0
-74,0
-145,0
-121,0
-115,0
-86,0
-133,0
-99,0
-130,0
-76,0
-132,0
-78,0
-128,0
-128,0
-128,0
-130,0
-133,0
-123,0
-128,0
-121,0
-108,0
-109,0
-109,0
-119,0
-119,0
-136,0
-78,0
-102,0
-120,0
-121,0
-123,0
-81,0
-89,0
-98,0
-101,0
-126,0
-132,0
-116,0
-119,0
-150,0
-129,0
-129,0
-85,0
-98,0
-112,0
-127,0
-138,0
-88,0
-142,1
-71,0
-71,0
-79,0
-79,0
-107,1
-140,0
-137,0
-148,0
-122,0
-146,0
-151,0
-87,0
-89,1
-89,0
-114,0
-114,0
-130,0
-140,1
-138,0
-128,0
