84,0
70,0
85,0
83,0
77,0
73,0
57,0
72,0
78,0
65,0
54,0
51,0
8,0
67,0
41,0
41,0
80,0
78,0
77,0
80,0
79,0
30,0
74,0
73,0
36,0
84,0
87,0
87,0
47,0
13,0
13,0
10,0
50,0
46,1
45,0
45,0
35,0
88,1
40,0
87,1
87,0
82,0
72,0
66,1
60,0
54,0
51,0
46,1
37,0
32,0
32,0
31,0
10,0
4,0
76,0
20,0
6,0
78,0
67,0
50,0
50,0
49,0
36,0
44,0
3,0
69,0
55,0
35,0
65,0
72,0
64,0
22,0
17,0
53,0
54,0
52,0
48,0
88,0
76,0
54,0
31,0
65,0
64,1
13,0
82,0
51,0
56,0
29,0
50,0
46,0
72,0
25,0
14,0
14,0
14,0
85,0
80,0
80,0
78,0
77,0
77,0
68,0
68,0
68,0
66,0
66,0
59,0
59,0
59,0
59,0
58,0
58,0
58,0
54,0
53,0
51,0
46,0
38,0
38,0
37,0
37,0
37,0
37,0
27,0
26,0
25,0
25,0
25,0
21,0
21,0
21,0
21,0
21,0
17,0
17,0
15,0
14,0
11,0
9,0
4,0
2,0
86,0
86,0
83,0
73,0
44,0
35,0
35,0
31,0
14,0
14,0
88,0
85,0
60,0
50,0
37,0
6,0
6,0
81,0
78,0
76,0
38,0
32,0
26,0
25,0
23,0
89,0
88,0
84,1
81,0
81,0
81,0
78,0
66,0
60,0
59,0
58,0
53,0
52,0
52,0
48,0
40,0
38,0
38,0
37,0
25,0
25,0
24,0
23,0
15,0
15,0
15,0
14,0
10,1
10,0
57,0
57,0
51,0
50,0
22,0
17,0
16,0
16,0
15,0
10,0
4,0
2,0
1,0
