72,0
63,0
47,0
35,0
15,0
6,0
5,0
28,0
40,0
36,0
8,0
1,0
56,0
46,0
24,0
19,0
15,0
70,0
6,0
88,0
56,0
48,0
26,0
66,0
58,0
55,0
40,0
33,0
33,0
6,0
4,0
84,0
73,0
73,1
64,0
64,0
35,0
25,0
14,0
7,0
0,0
88,0
29,0
1,0
47,0
46,0
45,0
36,0
32,1
32,0
28,0
25,0
25,0
25,0
25,0
24,0
24,0
24,0
19,0
17,0
15,0
7,0
6,1
2,0
63,0
45,0
43,0
3,0
2,0
22,0
8,0
84,0
84,0
77,0
76,0
63,0
63,0
54,0
11,0
0,0
85,0
68,0
68,0
25,0
19,0
36,0
24,0
48,0
17,0
76,0
50,1
43,0
29,0
25,0
10,0
8,0
22,0
50,0
46,0
21,0
20,0
6,0
5,0
4,0
0,0
67,0
9,1
9,0
62,0
43,0
43,0
43,0
43,0
33,0
28,0
21,0
14,0
3,0
1,0
26,0
12,0
78,0
56,0
29,0
88,0
69,0
50,0
46,0
11,0
5,0
4,0
28,0
0,0
81,0
75,0
22,0
74,0
84,0
56,0
47,0
45,0
45,0
43,0
74,0
71,1
66,0
63,0
59,0
59,0
59,0
44,0
42,0
38,0
27,0
27,0
27,0
27,0
26,0
26,0
26,0
25,0
25,0
24,0
22,0
16,0
14,0
14,0
50,0
41,0
81,0
78,1
52,0
49,0
43,0
41,0
33,0
29,0
17,1
13,0
7,0
71,0
60,0
60,0
28,0
25,0
14,0
8,0
88,0
81,0
78,0
67,0
67,0
62,0
59,0
58,0
56,0
51,1
42,0
36,0
33,1
13,0
71,0
36,0
8,0
76,0
35,0
35,0
17,0
14,0
68,0
42,0
2,0
89,0
89,0
89,0
87,0
85,0
77,0
77,0
65,0
64,0
61,0
61,0
59,0
55,0
45,0
42,1
39,0
12,0
3,0
3,0
43,0
46,0
36,0
56,0
43,0
22,0
19,1
14,0
9,1
84,0
78,0
72,0
72,0
72,0
70,0
70,0
86,0
79,0
72,0
62,0
54,0
4,0
68,0
59,0
29,0
33,0
18,0
51,0
41,0
23,0
85,0
57,0
55,0
50,0
43,0
6,0
6,0
88,0
88,0
80,0
36,0
61,0
59,0
57,0
56,0
28,0
2,0
22,0
0,0
65,0
63,0
76,0
37,0
37,1
30,0
19,0
19,0
51,0
26,0
26,0
22,0
11,0
15,0
0,0
88,0
72,0
70,0
70,0
82,0
45,0
44,0
44,0
44,0
44,0
44,0
44,0
44,0
44,0
44,0
44,0
44,0
37,0
28,0
