72,0
71,0
5,0
76,0
66,0
61,0
48,0
89,0
56,0
62,0
27,0
20,0
65,0
58,0
56,0
43,0
43,0
42,0
89,0
11,0
38,1
11,1
11,0
78,0
46,1
44,0
13,0
8,0
77,0
51,0
46,0
44,0
12,0
6,0
16,0
15,0
68,0
23,0
61,0
48,0
36,0
36,0
36,0
35,0
41,0
38,0
30,1
23,0
87,0
54,1
22,0
12,0
30,0
13,0
63,0
63,0
41,0
41,0
19,0
83,0
65,0
61,0
34,0
49,0
49,0
83,0
60,0
63,0
63,1
78,0
77,0
68,0
34,0
36,0
15,0
56,0
16,0
25,0
22,0
1,1
66,0
14,0
19,0
76,0
44,0
85,0
75,0
37,0
32,0
20,0
22,0
16,0
16,1
58,0
38,0
7,0
38,0
59,0
15,0
80,0
80,0
68,0
68,0
66,0
49,0
21,0
19,0
7,0
42,0
30,0
67,0
62,0
42,0
25,0
1,0
69,0
79,0
57,0
88,0
85,0
83,0
75,0
75,0
68,0
5,0
61,0
3,0
2,0
68,0
68,0
65,0
64,0
63,0
63,0
48,0
42,0
27,0
27,0
27,0
25,0
78,0
61,0
38,0
57,0
41,0
27,0
0,0
21,0
