34,0
69,1
19,0
83,0
14,0
62,0
54,0
47,1
38,0
19,0
18,0
12,0
63,0
55,0
79,0
66,0
74,0
69,0
66,0
48,1
27,0
87,0
14,0
44,0
89,1
88,1
87,1
85,0
85,0
85,1
84,1
75,0
52,0
61,0
5,0
5,0
84,0
68,0
63,0
63,0
10,0
55,0
78,0
50,0
13,0
11,0
11,0
76,0
39,0
70,0
1,0
20,0
28,0
6,0
61,0
18,0
84,0
20,0
16,0
27,0
76,0
69,0
69,0
69,0
61,0
54,0
53,0
13,0
76,0
67,0
35,0
26,0
22,0
6,0
1,0
56,0
18,0
15,0
14,0
32,0
32,0
2,0
55,0
54,0
48,0
82,0
3,1
88,0
87,0
61,0
61,0
61,0
66,0
47,1
87,1
82,0
73,0
35,0
34,0
4,0
76,0
76,0
68,0
58,0
53,0
53,0
53,0
53,0
52,0
52,0
42,0
42,0
27,0
26,0
22,0
47,0
39,0
16,0
5,0
4,0
76,0
39,1
9,0
40,0
77,1
57,0
75,0
12,0
85,0
78,0
65,0
12,0
12,0
46,0
73,0
63,0
56,0
55,0
47,0
37,0
13,0
13,0
10,0
2,0
31,0
76,0
68,0
30,0
89,0
36,0
56,0
13,0
13,0
86,0
15,0
12,0
39,0
57,0
83,0
81,0
76,0
33,0
88,0
76,0
72,0
48,0
83,0
18,0
52,1
45,0
34,1
18,0
14,0
5,0
5,0
54,0
75,0
75,0
73,0
70,0
70,0
55,0
55,0
39,0
76,1
75,0
56,0
52,0
7,0
22,0
88,0
88,0
88,0
66,0
59,0
58,0
57,0
50,0
10,0
5,0
5,0
82,0
66,0
76,0
65,0
65,0
24,0
2,0
1,0
73,0
70,0
64,0
57,0
65,0
59,0
59,0
57,0
45,0
15,0
88,0
55,1
32,1
64,0
46,1
58,0
84,0
28,0
76,0
89,0
89,0
88,0
88,0
87,0
87,0
87,0
85,0
85,0
84,0
84,0
83,0
82,1
82,0
82,0
82,0
82,0
81,0
80,0
79,0
78,0
78,0
77,0
76,0
75,0
74,0
73,0
73,0
72,0
72,0
72,0
71,0
70,0
70,0
70,0
69,0
69,0
69,0
69,0
69,0
69,0
69,0
68,0
68,0
67,0
66,0
66,0
65,0
65,0
64,0
64,0
64,0
64,0
64,0
63,0
63,0
63,0
62,0
61,0
60,0
60,0
58,0
58,0
57,0
57,0
57,0
56,0
56,0
55,0
55,0
54,0
54,1
54,0
53,0
52,0
51,0
50,0
49,0
48,0
48,0
47,0
46,1
46,0
46,0
46,0
45,0
45,0
45,0
44,0
44,0
43,0
42,0
42,0
40,0
39,0
37,0
37,1
37,0
36,0
36,0
36,0
36,0
36,0
35,0
35,0
35,0
35,0
34,0
34,0
33,0
32,0
32,0
31,0
31,0
30,0
30,0
29,0
29,0
28,0
27,0
26,0
24,0
23,0
23,0
23,0
23,0
22,0
21,0
20,0
20,0
19,0
19,0
18,0
17,0
16,0
15,0
15,0
14,0
13,0
13,0
13,0
10,0
10,0
9,0
9,0
9,0
8,0
7,0
7,0
7,0
7,0
6,0
6,0
6,0
4,0
4,0
3,0
3,0
3,0
3,0
3,0
2,0
1,1
1,0
0,0
75,0
68,0
52,0
80,0
81,0
18,0
66,0
57,0
33,0
41,0
17,0
6,0
33,0
87,0
78,0
57,0
34,0
34,0
70,0
70,0
69,0
69,0
10,0
10,0
88,0
77,0
59,0
56,0
49,0
44,0
44,0
42,0
38,0
36,0
34,0
33,0
21,0
13,1
10,0
10,0
9,0
81,0
49,0
72,1
51,0
35,0
45,0
42,0
34,0
32,0
31,0
46,0
10,0
88,0
75,0
62,0
43,1
32,0
37,1
33,0
26,1
82,0
88,0
60,0
40,0
17,0
10,0
3,0
3,0
68,1
48,0
14,1
68,0
68,1
21,0
17,0
13,0
0,0
38,0
4,0
81,0
13,0
7,1
4,0
47,0
47,0
48,0
2,0
47,1
31,0
28,0
15,0
36,0
