80,1
8,0
86,0
78,0
64,0
40,0
27,0
40,0
27,0
5,0
64,0
52,0
48,0
21,0
14,0
14,1
55,0
4,0
88,0
74,0
54,0
48,0
42,1
53,0
46,0
46,0
19,0
18,0
17,0
1,0
40,0
27,0
19,1
7,1
83,0
77,0
74,0
65,0
61,0
76,0
76,0
59,0
58,0
57,1
57,1
53,0
40,0
25,0
65,0
52,0
86,0
78,0
65,0
71,1
40,0
84,0
60,0
40,0
80,0
80,0
80,0
79,0
79,0
58,0
57,0
53,0
18,0
16,0
8,0
56,0
52,0
52,0
40,0
40,0
39,0
86,1
56,0
8,0
14,0
69,1
79,0
79,0
53,0
53,0
53,0
40,0
40,0
27,0
15,0
7,0
6,0
6,0
56,0
54,0
41,0
86,0
83,0
23,0
86,0
86,0
86,0
65,1
16,1
13,1
59,0
59,0
11,0
20,0
10,0
0,0
64,0
80,0
31,0
30,0
24,0
14,0
12,0
11,0
2,0
70,0
69,0
59,0
6,0
16,0
38,0
25,0
80,0
27,0
23,0
23,0
6,0
85,1
76,0
74,0
72,0
66,0
65,0
58,0
58,0
48,0
47,0
47,0
46,0
43,0
41,0
89,0
82,0
69,0
68,0
59,0
56,0
48,0
48,0
39,0
11,0
63,0
48,0
79,0
77,0
59,0
41,0
26,0
24,0
7,0
52,0
83,0
52,0
45,0
36,0
70,0
57,0
15,0
84,0
73,0
14,1
4,0
