89,0
87,0
87,0
81,0
70,0
69,0
49,0
45,0
45,0
50,0
47,0
26,0
14,0
14,0
87,0
88,0
84,0
83,0
81,0
81,0
64,0
56,0
52,0
51,0
50,0
43,0
22,0
3,0
2,0
54,0
33,0
33,0
28,0
25,0
21,0
3,0
6,0
48,0
74,0
64,0
89,0
50,0
25,0
49,0
26,0
26,0
72,0
20,0
19,0
27,1
26,0
67,0
53,0
51,0
51,0
46,0
41,0
41,0
31,0
23,0
56,0
30,0
55,0
52,0
55,0
61,0
16,0
8,0
2,0
45,0
11,0
87,0
85,0
83,0
74,0
68,0
66,0
61,0
61,0
53,0
46,0
43,0
40,0
26,0
25,0
19,0
11,0
5,0
3,0
3,0
3,0
17,0
17,0
55,0
7,0
1,0
88,0
46,0
46,0
84,0
63,0
69,0
1,1
57,0
53,0
40,0
40,0
39,0
16,0
72,0
48,0
41,0
32,0
84,0
62,0
37,1
