79,0
44,0
44,0
43,0
42,0
41,0
41,0
19,1
19,1
14,0
85,0
84,0
42,0
41,0
37,0
31,0
56,0
50,0
50,0
32,0
3,0
75,0
19,0
19,0
60,0
21,0
14,0
5,0
5,0
3,0
56,0
13,0
2,0
90,0
55,0
20,0
38,0
38,0
14,0
87,0
69,0
41,0
25,0
12,0
83,1
16,1
85,0
16,0
14,0
81,1
81,0
53,0
47,0
12,0
8,0
43,0
84,0
80,0
76,0
68,1
26,0
25,0
24,1
36,0
76,0
0,0
0,1
15,0
47,0
9,0
70,1
49,0
41,0
41,0
15,0
3,0
69,0
81,0
78,0
40,0
37,0
37,1
34,0
34,1
81,0
50,0
81,0
78,0
52,0
77,0
73,0
64,0
56,0
26,0
88,0
87,0
86,0
85,0
84,0
78,0
78,0
77,0
75,0
74,0
74,0
74,0
74,0
74,0
74,0
74,0
73,0
72,1
72,0
71,0
71,0
70,0
70,0
67,0
67,0
65,0
65,0
64,0
63,0
63,0
63,0
62,0
62,0
60,0
58,0
57,1
56,0
55,0
54,0
54,0
54,0
54,0
53,0
52,0
52,1
52,0
46,0
44,0
42,0
42,0
41,0
41,0
41,0
33,0
87,1
8,0
0,0
75,0
53,0
31,0
1,0
70,0
69,0
29,0
28,1
8,0
5,0
0,0
73,0
47,0
43,1
39,0
10,1
5,0
1,0
80,0
20,1
15,0
2,0
25,0
13,0
57,0
47,0
16,0
16,0
16,0
16,0
88,0
88,0
81,1
60,0
41,0
82,0
47,0
25,0
18,0
13,0
13,0
52,0
15,0
80,0
73,0
46,1
42,0
12,0
6,0
29,0
78,1
52,0
41,0
40,0
0,0
27,0
85,0
27,0
1,0
47,0
85,0
67,0
58,0
11,0
2,0
1,0
85,0
47,1
1,0
62,0
6,0
69,0
49,0
29,0
29,0
27,0
24,1
14,0
27,0
17,0
20,0
15,0
46,0
46,0
46,0
34,0
29,0
12,0
12,0
12,0
12,0
74,0
55,0
60,0
42,0
42,0
41,0
41,0
40,0
27,0
27,0
48,1
13,0
13,0
12,0
12,0
12,0
12,0
0,0
79,0
69,0
64,0
62,0
54,0
47,0
42,0
22,0
11,0
86,0
57,0
45,0
45,0
17,1
48,0
48,0
75,0
62,0
36,0
3,0
56,0
26,0
4,0
32,0
56,0
54,0
47,0
47,0
13,0
84,0
74,0
46,0
10,0
6,0
14,0
14,1
6,0
77,0
41,0
41,0
65,0
10,0
16,0
21,0
80,0
41,1
36,0
31,0
70,0
64,0
62,0
41,0
23,0
89,0
83,0
64,0
43,0
36,0
81,0
81,0
76,0
84,0
72,0
69,0
62,0
55,0
51,0
34,0
25,0
74,1
89,0
4,0
4,0
41,0
0,0
27,0
73,0
64,0
14,0
7,0
37,0
37,1
9,0
30,0
35,0
69,0
15,0
80,0
80,0
40,0
6,0
90,0
17,0
86,0
73,0
68,0
64,0
39,0
31,0
84,0
84,0
56,0
75,0
39,0
68,0
68,0
80,0
73,0
54,0
76,0
59,0
41,1
37,0
29,0
82,0
73,0
69,0
50,0
34,1
29,0
25,0
24,0
13,0
13,0
13,0
13,1
6,0
59,0
36,0
4,0
24,0
45,0
72,0
63,0
8,0
6,0
72,0
