47,0
47,0
1,0
83,0
67,0
54,0
40,1
22,1
49,0
29,0
8,0
71,0
64,0
34,0
67,0
85,0
35,0
1,0
38,0
25,0
18,0
16,0
7,0
5,0
4,0
4,0
88,0
64,1
60,0
42,0
23,0
15,0
9,0
9,0
70,0
6,0
1,0
1,0
83,0
76,0
76,0
73,0
73,0
71,0
70,0
60,0
48,0
16,0
16,0
56,0
49,0
5,0
0,0
25,0
25,1
76,0
7,0
77,0
35,0
32,0
63,0
88,0
17,0
88,1
47,0
89,0
44,0
43,0
37,0
24,0
74,0
89,0
80,0
37,1
89,0
89,0
60,0
60,0
7,0
72,0
15,0
15,1
15,0
15,1
31,0
31,0
30,0
1,0
64,0
36,0
4,0
71,0
76,0
20,0
82,0
82,0
80,0
71,0
57,0
50,0
22,0
22,0
21,0
9,0
88,0
70,0
2,0
82,0
61,0
60,0
49,0
39,0
39,0
39,0
5,0
70,0
45,0
45,0
4,0
18,0
22,0
74,0
32,0
31,0
20,0
20,0
67,0
8,0
66,0
11,0
87,0
27,0
67,0
37,0
85,0
84,0
79,0
78,0
78,0
77,0
72,0
57,0
51,0
50,0
44,0
44,0
43,0
35,0
32,0
16,0
16,0
15,0
14,0
2,0
6,0
6,0
84,0
79,0
67,0
60,0
31,0
2,0
65,0
84,0
82,0
67,0
66,0
60,0
50,0
42,0
42,0
42,0
39,0
9,1
78,0
31,0
18,0
81,0
81,0
57,0
12,0
6,0
74,0
17,0
17,0
89,0
78,0
72,0
50,0
44,0
31,0
73,0
63,0
63,0
51,0
43,0
42,0
42,0
35,0
34,0
20,0
18,0
0,0
0,0
29,0
29,0
29,0
27,0
27,0
20,0
9,0
74,0
44,0
83,0
86,0
68,0
48,0
44,0
44,0
39,0
39,1
39,0
39,1
37,0
58,1
19,0
6,0
6,0
5,1
0,0
89,0
67,0
50,0
50,0
49,0
22,0
14,0
78,0
75,0
64,0
1,0
72,0
47,0
28,0
6,0
6,0
78,0
85,0
9,0
84,0
83,0
75,0
64,0
53,0
49,0
45,0
39,0
33,0
33,0
32,0
29,0
28,0
25,0
23,0
21,0
20,0
15,0
4,0
2,0
1,0
1,0
85,0
79,0
76,0
46,0
46,0
34,0
16,0
44,0
86,0
89,0
86,0
86,0
83,0
74,0
72,0
71,0
68,0
58,0
57,0
51,0
16,0
16,0
16,0
2,0
15,0
89,1
66,0
52,0
39,1
39,0
39,1
37,0
36,0
8,0
70,0
1,0
88,0
88,0
85,0
57,0
51,0
50,0
44,0
10,0
1,0
71,0
88,0
85,0
71,0
37,0
86,0
86,1
65,0
16,0
89,0
85,0
55,1
39,0
30,0
10,0
10,0
62,0
45,0
45,0
45,0
45,0
44,0
70,0
11,0
1,0
1,0
69,0
69,0
71,0
71,0
60,1
60,1
55,0
55,0
54,0
51,0
50,0
48,0
48,0
44,0
37,0
36,0
35,0
35,1
9,0
8,0
2,0
0,0
64,0
59,0
40,0
13,0
13,0
7,0
85,0
66,0
64,0
54,0
53,0
53,0
71,0
71,0
44,0
39,0
25,0
88,1
80,0
46,0
38,0
7,1
5,0
12,0
12,0
39,0
21,0
21,0
9,0
7,0
84,0
82,0
81,0
72,0
0,0
52,0
5,0
5,0
44,0
44,0
7,0
9,0
44,0
65,0
61,0
34,0
88,0
86,0
78,0
71,0
70,0
32,0
58,0
88,0
77,0
45,0
