88,0
5,1
56,0
1,0
87,0
39,0
38,0
22,0
86,0
78,0
45,0
45,0
29,1
25,0
24,1
66,0
84,0
84,0
80,0
80,0
80,0
80,1
80,0
80,0
80,0
80,0
80,0
80,1
25,0
15,0
15,0
15,0
89,0
89,0
88,0
71,0
56,0
36,0
35,0
35,1
29,0
18,0
4,0
83,0
54,0
33,0
33,0
12,0
8,0
4,0
84,0
58,0
24,0
24,0
24,0
23,0
23,1
88,0
46,0
42,0
35,0
33,0
33,0
33,0
26,0
11,0
7,0
29,1
48,0
48,0
8,0
32,0
69,0
69,0
75,0
46,0
36,0
86,0
68,0
39,0
28,0
75,0
75,0
60,0
33,0
33,0
30,0
14,0
2,0
80,0
18,0
42,0
77,0
68,0
62,0
60,0
55,0
55,0
10,0
8,0
55,0
36,0
28,0
27,0
25,0
24,0
24,0
23,0
22,0
22,0
22,0
20,0
15,0
9,0
5,0
5,0
5,0
0,0
89,0
89,0
74,0
67,0
67,1
40,0
38,0
31,0
5,0
7,0
41,0
84,0
78,0
52,0
39,0
36,0
31,0
30,0
28,0
0,0
51,0
24,0
88,0
79,0
52,0
46,0
32,0
27,0
4,0
82,0
36,0
66,0
16,0
