78,0
84,1
83,1
73,1
68,1
68,1
65,1
47,1
30,1
24,1
18,1
18,0
46,0
34,0
31,0
27,0
25,0
24,0
80,1
80,1
80,1
73,1
49,0
45,1
27,1
26,0
26,1
25,0
23,1
21,0
17,1
17,1
3,1
89,1
84,1
83,1
79,1
75,1
73,1
73,1
73,1
73,1
73,1
73,1
73,1
73,1
73,1
73,0
71,1
67,0
66,1
66,1
63,0
60,1
60,1
59,1
57,0
57,1
56,1
55,1
55,1
52,1
52,1
52,1
51,1
51,1
51,1
51,1
51,0
50,1
50,1
50,1
49,1
49,0
48,1
48,1
48,1
48,1
47,1
46,1
44,1
40,1
40,1
38,0
37,1
37,1
37,1
37,1
36,1
36,1
36,1
36,1
35,1
34,1
33,1
33,0
32,1
32,1
32,1
31,0
31,1
30,1
30,1
30,1
30,1
29,1
29,1
28,1
28,1
28,1
25,0
25,1
23,1
23,1
23,1
23,1
23,1
22,1
22,1
22,1
21,1
20,0
17,0
16,0
16,1
16,1
16,1
16,1
16,1
15,0
15,1
15,1
15,1
15,1
15,1
15,1
15,0
15,1
15,0
15,0
15,1
14,0
13,1
13,1
13,1
11,1
11,0
11,1
11,1
11,1
10,1
10,1
9,1
8,1
8,1
7,1
7,0
7,1
7,1
7,1
6,0
6,1
6,1
6,1
3,1
2,1
2,1
2,1
2,1
1,0
1,0
0,1
86,1
86,1
77,0
77,1
73,1
50,1
50,1
43,1
28,1
27,1
17,1
5,1
