82,0
64,0
24,0
76,0
42,0
25,0
12,0
64,0
64,0
13,0
13,0
4,0
22,0
59,0
61,0
70,0
66,0
71,0
33,0
12,0
88,0
85,0
28,0
84,0
84,0
81,0
80,0
79,0
73,0
63,0
47,0
45,0
45,0
45,0
45,0
41,0
34,0
34,0
18,0
18,0
59,0
30,0
30,0
28,0
15,0
89,0
83,1
83,0
21,0
11,0
11,0
9,0
8,0
7,0
23,0
7,0
78,0
25,0
8,0
3,0
3,0
3,0
88,0
81,0
59,0
50,0
47,0
44,0
39,0
33,0
33,0
32,0
31,0
31,0
27,0
23,0
12,0
7,0
2,0
49,0
48,1
48,0
30,1
30,0
9,0
9,0
6,1
87,0
74,0
65,0
25,0
14,0
1,0
87,0
85,0
58,0
33,0
11,0
3,0
3,0
58,0
42,0
22,0
9,0
9,0
64,0
63,0
59,0
30,0
20,0
20,0
6,0
49,0
45,0
13,0
11,0
7,0
5,0
81,0
71,0
67,0
59,0
59,0
41,0
33,0
30,0
30,0
26,0
12,0
12,0
12,0
9,0
7,0
2,0
1,0
0,0
