15,0
10,0
8,0
8,0
8,0
7,0
43,0
43,0
35,0
35,0
33,0
74,0
74,0
87,1
85,1
85,1
78,0
74,1
73,1
73,1
73,1
71,0
65,0
59,1
51,1
47,1
45,1
32,1
29,0
29,0
23,0
21,0
13,1
11,1
11,1
3,1
3,1
3,1
2,1
2,1
1,1
0,1
74,0
68,0
68,0
26,1
7,1
0,0
0,0
86,0
37,0
8,0
58,0
27,1
24,1
17,0
14,0
10,0
79,0
23,0
23,0
10,0
81,0
65,0
64,0
64,0
9,0
8,0
82,0
80,1
51,0
3,0
0,0
73,1
23,1
35,1
28,0
88,1
75,0
49,0
49,0
48,0
48,0
78,0
21,0
16,0
16,0
16,0
16,0
68,0
67,0
16,0
87,1
87,1
86,1
85,0
85,0
83,0
42,1
32,1
15,0
15,0
15,0
15,0
14,0
3,1
2,0
72,0
38,0
22,1
18,1
13,0
6,0
83,0
69,0
60,0
69,0
69,0
69,0
69,0
68,0
59,0
57,0
57,0
54,0
14,0
14,0
37,0
68,0
59,1
59,1
59,1
35,1
8,0
4,0
10,1
83,1
69,1
58,1
48,1
65,0
63,0
59,0
59,0
56,0
56,0
56,0
50,0
48,0
48,0
47,0
47,0
47,0
47,0
42,0
25,0
24,0
24,0
11,1
5,1
4,1
3,0
80,0
80,0
18,0
76,1
74,1
70,1
34,1
83,1
82,0
18,1
55,1
55,1
55,1
80,1
