35,0
4,0
2,0
75,0
80,0
59,1
37,0
54,0
29,0
21,0
14,0
14,0
4,0
0,0
16,0
70,0
38,0
32,0
32,0
30,0
22,0
14,0
0,0
31,0
31,0
64,0
19,0
41,1
88,0
81,0
69,0
68,0
67,0
67,0
65,0
58,0
51,0
51,0
88,0
66,0
66,0
73,0
46,0
15,0
14,0
12,1
7,0
4,0
51,0
40,0
44,0
41,0
64,0
56,0
1,0
74,0
71,0
69,0
49,0
9,0
29,0
77,0
74,0
67,0
62,0
52,0
51,0
51,0
43,0
43,0
29,0
26,0
15,0
9,0
15,0
59,1
57,0
10,0
58,0
23,0
12,0
23,0
11,0
9,0
82,0
74,0
74,0
72,0
72,0
72,0
58,0
49,0
39,0
38,0
31,0
24,0
23,0
18,0
15,0
15,0
7,0
7,0
50,0
4,0
81,0
81,0
26,0
23,0
23,0
52,0
22,1
17,0
61,0
56,0
0,0
88,0
87,0
87,0
80,0
59,0
58,0
52,0
50,0
50,0
50,0
50,0
47,0
47,0
47,0
46,0
46,0
45,0
45,0
45,0
45,0
45,0
44,0
43,0
40,0
33,0
32,0
27,0
63,0
10,0
79,0
79,0
19,1
43,0
85,0
25,0
44,0
44,0
36,0
12,0
7,0
49,0
6,0
19,0
74,0
72,0
70,0
67,0
87,1
87,1
86,1
82,1
82,0
81,1
81,0
80,1
7,0
7,0
5,1
38,0
31,0
29,0
29,0
15,0
9,0
78,0
63,0
35,0
34,0
25,0
22,0
22,0
76,0
89,0
89,0
83,0
48,0
47,0
15,0
4,0
64,0
12,0
12,0
7,0
59,0
33,0
51,0
33,0
22,0
64,0
