89,0
68,0
43,0
7,0
38,0
34,0
11,0
10,0
86,0
84,0
84,0
83,0
77,0
77,1
41,0
17,0
12,0
5,0
73,0
4,0
1,0
73,0
43,0
82,0
68,0
47,0
38,0
37,0
32,0
31,0
28,0
18,0
12,0
10,0
10,1
27,0
62,0
34,0
31,0
28,0
21,0
83,0
76,0
75,0
64,0
60,0
45,0
28,0
14,0
3,0
56,0
31,0
77,0
72,0
87,0
55,0
83,0
47,0
38,0
37,0
37,0
31,0
28,0
28,0
13,0
10,0
1,0
76,0
64,0
61,0
57,0
55,0
54,0
78,0
69,0
56,0
47,0
41,0
38,0
35,0
33,0
26,0
20,0
17,0
17,0
16,0
46,0
45,0
7,0
85,0
84,0
84,0
81,0
77,1
56,0
48,0
31,0
28,0
89,0
38,0
33,0
26,0
78,0
78,0
46,0
56,0
56,0
55,1
75,0
63,0
50,0
46,0
45,0
45,0
32,0
32,0
19,0
7,0
59,0
56,0
48,0
46,1
44,0
36,0
35,0
30,0
18,0
17,0
16,0
14,0
13,0
12,0
6,0
6,0
6,0
2,0
2,0
63,0
41,0
34,0
34,0
32,0
28,0
19,0
17,0
15,0
11,0
2,0
86,0
75,0
38,0
37,0
8,0
6,0
2,0
37,0
88,0
88,0
82,0
77,0
18,0
4,0
