73,0
4,0
80,0
80,0
67,0
54,0
0,0
67,0
42,0
13,0
79,0
56,0
50,0
37,0
79,0
69,0
60,1
60,0
57,0
56,0
49,0
39,0
6,0
63,0
47,0
80,0
79,0
66,0
23,0
23,0
75,0
8,0
85,0
85,0
80,0
66,0
52,0
48,0
43,0
35,0
23,0
23,0
12,1
2,0
23,0
5,0
9,0
7,0
1,0
1,0
48,0
79,0
45,0
28,0
35,0
35,0
81,0
53,0
17,0
17,0
86,0
86,0
55,0
1,0
77,0
5,0
6,0
83,0
81,0
81,1
77,0
77,0
6,0
40,0
66,0
66,0
66,0
62,1
62,0
62,0
62,0
62,0
60,0
53,0
9,0
9,0
2,0
29,0
59,0
46,0
46,0
21,0
20,0
10,0
79,0
76,0
69,0
49,0
5,1
22,0
11,1
85,0
83,0
81,0
69,0
35,0
10,0
7,0
