70,0
70,0
70,0
63,0
40,0
21,0
13,0
10,0
9,0
9,0
8,0
7,0
86,0
65,0
65,0
28,0
28,0
22,0
19,0
19,0
15,0
14,0
14,0
1,0
86,0
85,0
66,1
34,0
59,0
27,0
88,0
76,0
73,0
67,0
4,0
0,0
60,0
14,0
88,0
57,0
68,0
68,0
67,0
35,0
19,0
2,0
69,0
61,0
60,0
57,0
20,0
20,0
41,0
86,0
62,0
32,0
16,0
21,0
72,0
72,0
70,0
63,0
61,1
6,0
71,0
43,0
76,0
75,0
70,0
60,0
39,0
29,0
26,0
15,0
71,1
67,1
65,1
60,1
56,1
45,1
79,0
79,0
56,0
56,0
56,0
49,0
46,0
22,0
3,0
45,0
33,0
32,0
20,0
0,0
88,0
89,1
39,0
48,0
19,0
70,0
75,0
73,0
69,0
69,0
54,1
54,1
41,0
41,0
49,0
8,1
59,0
34,0
67,0
38,0
9,0
7,0
31,0
30,0
71,0
23,0
20,0
63,0
75,0
74,0
13,0
29,0
88,0
35,1
75,0
60,0
56,0
20,0
5,0
5,0
60,0
60,0
86,0
47,0
43,0
30,0
65,0
27,0
26,0
89,0
89,0
86,0
84,0
82,0
81,0
81,0
79,0
78,0
77,0
76,0
75,0
73,0
72,0
71,0
71,0
69,0
65,0
65,0
65,0
62,0
60,0
56,0
54,0
53,0
50,0
49,0
48,0
44,0
40,0
35,0
29,0
29,0
29,0
27,0
27,0
27,0
9,0
6,0
3,0
2,0
2,0
74,0
56,0
41,0
35,0
46,0
85,0
70,0
69,0
45,0
76,0
20,0
39,1
80,0
55,0
40,0
14,0
13,0
56,0
33,0
88,0
48,0
14,0
12,0
3,0
69,0
76,1
7,0
51,0
46,0
38,0
63,1
62,0
20,0
88,0
61,0
57,0
40,0
33,0
89,0
50,0
76,0
72,0
58,0
69,0
52,0
49,0
45,0
45,0
45,0
42,0
41,0
41,0
39,0
28,0
10,0
7,0
29,0
69,0
61,0
31,0
14,0
69,0
69,0
69,0
75,0
70,0
64,0
82,0
34,0
62,0
62,0
32,0
62,0
56,0
70,0
31,0
22,0
59,0
2,0
17,0
74,0
74,0
11,0
25,0
51,0
23,0
88,1
58,1
31,0
23,0
83,1
81,1
70,1
42,0
36,1
35,0
34,0
17,1
67,0
83,0
27,0
31,0
37,0
63,0
9,0
9,0
88,0
31,0
17,0
13,0
3,0
89,0
88,0
87,0
84,0
83,0
81,0
73,0
73,0
73,0
69,0
69,0
68,0
68,0
67,0
67,0
63,0
57,0
57,0
57,0
57,0
57,0
57,0
57,0
56,0
56,0
56,0
56,0
55,0
54,0
54,0
52,0
48,0
42,0
42,0
40,0
39,0
39,0
39,0
34,0
32,0
31,0
28,0
26,0
19,0
17,0
16,0
10,0
9,0
8,0
22,0
56,0
26,1
83,0
83,0
56,0
56,0
51,0
51,0
56,0
78,0
56,0
89,0
67,0
68,0
76,0
57,0
50,0
50,0
5,1
31,0
28,0
20,0
13,0
12,1
82,0
56,0
79,0
57,0
23,0
22,0
76,0
65,0
64,0
28,0
0,0
43,0
38,0
31,0
26,0
56,0
59,0
89,0
74,0
42,0
42,0
3,0
1,0
47,0
42,0
42,0
45,1
44,0
40,1
32,1
13,1
87,0
87,0
87,0
42,0
42,0
70,0
42,0
37,0
27,0
6,0
10,0
62,0
79,1
68,1
68,0
88,0
37,0
41,0
88,0
64,0
57,0
70,0
70,0
69,0
