151,0
148,0
129,0
166,0
160,0
119,0
110,0
95,0
141,0
138,0
143,0
104,0
161,0
139,0
136,0
100,0
94,0
80,0
80,0
128,0
85,0
127,0
123,0
123,0
168,0
156,0
156,0
154,0
153,0
153,0
153,0
152,0
148,0
146,0
146,0
144,0
143,0
138,0
136,0
135,0
129,0
129,0
126,0
124,0
123,0
122,0
115,0
113,0
112,0
111,0
109,0
108,0
103,0
100,0
99,0
81,0
81,0
80,0
80,0
158,0
133,0
128,0
103,0
88,0
87,0
100,0
159,0
167,0
157,0
155,0
140,0
115,0
110,0
108,0
96,0
91,0
88,0
87,0
81,0
83,0
83,0
82,0
82,0
81,0
147,0
85,0
163,0
161,0
82,0
87,0
146,0
146,0
135,0
106,0
124,0
93,0
97,0
83,0
146,0
98,0
87,0
150,0
131,0
136,0
128,0
88,0
135,0
127,0
139,0
139,0
157,0
81,0
144,0
105,0
100,0
88,0
88,0
121,0
149,0
166,0
152,0
149,0
144,0
122,0
88,1
133,0
128,0
128,0
127,0
87,0
87,0
87,0
133,0
126,0
117,0
117,0
117,0
149,0
137,0
132,0
107,0
115,0
143,0
131,0
119,0
119,0
111,0
103,0
95,0
95,0
132,1
110,0
88,0
81,0
119,0
95,0
136,0
153,0
142,0
142,0
122,0
104,0
154,0
128,0
112,0
102,0
167,0
152,0
132,0
103,0
95,0
166,0
167,0
167,0
166,0
160,0
94,0
80,0
138,0
138,0
138,0
150,0
150,0
146,0
128,0
128,0
98,0
87,1
79,0
159,0
159,0
122,0
100,0
89,0
139,0
88,0
88,0
123,0
123,0
167,0
147,0
144,0
143,0
131,0
130,0
120,0
118,0
100,0
88,0
86,0
79,0
132,0
102,0
102,0
131,0
131,0
121,1
88,0
83,0
127,0
165,0
110,0
93,0
92,0
132,0
121,0
86,0
160,0
154,0
121,0
143,0
132,0
88,0
88,0
96,0
158,0
119,0
108,0
118,0
117,0
81,0
