31,0
78,0
78,0
75,0
49,0
44,0
38,0
28,0
18,1
13,0
31,0
31,0
8,0
4,0
79,0
77,0
67,0
63,0
52,0
37,0
20,0
20,0
0,0
16,0
39,0
13,0
13,0
13,0
12,0
66,0
39,0
17,0
17,0
5,0
4,0
79,0
2,0
50,0
5,0
48,0
47,0
14,1
27,0
52,0
6,0
87,0
81,0
81,0
78,0
75,0
75,0
67,0
53,0
41,0
57,0
49,0
5,0
3,0
78,0
78,1
78,0
70,0
45,0
43,0
13,0
65,0
85,0
56,0
37,0
12,0
27,0
15,0
15,0
25,0
35,0
51,0
51,0
50,0
7,0
87,0
87,1
86,0
86,1
86,0
85,0
85,1
85,0
85,0
84,0
84,0
84,0
83,0
83,0
77,0
77,0
77,0
77,1
76,0
74,0
68,0
64,0
64,0
63,0
63,0
63,0
61,0
58,0
57,0
57,0
56,0
54,0
53,0
53,0
51,0
50,0
50,0
49,0
49,0
47,0
45,0
43,0
42,0
42,1
40,0
40,0
36,0
35,0
28,0
26,0
16,0
16,0
9,0
8,0
8,0
6,0
4,0
0,0
0,0
12,0
11,0
5,0
5,0
4,1
17,0
17,0
18,0
14,0
53,0
74,0
69,0
63,0
32,0
23,0
1,0
42,0
53,1
78,0
81,0
3,0
