49,0
47,0
47,0
41,0
13,0
10,0
3,0
2,0
83,0
81,0
79,0
70,0
43,0
40,0
38,0
26,0
19,0
13,0
13,0
10,0
8,0
4,0
2,0
2,0
73,0
67,0
60,0
58,0
52,0
51,0
2,0
18,1
7,0
86,0
73,0
10,0
6,0
61,0
58,0
15,0
46,0
45,0
86,0
86,0
86,0
46,0
42,0
35,0
34,0
10,0
9,0
13,0
8,0
12,1
63,0
11,0
83,0
82,0
75,0
69,0
66,0
65,0
34,0
33,0
29,0
26,0
20,0
12,0
69,0
68,1
68,0
57,0
56,0
54,0
53,0
31,0
30,0
30,0
23,0
49,0
32,0
10,0
10,0
10,0
0,0
12,0
82,0
66,0
59,0
52,0
50,0
50,0
52,0
51,0
57,0
57,0
48,0
26,0
8,0
43,0
12,0
12,0
1,0
35,0
1,0
2,0
87,0
63,0
53,0
89,0
89,0
76,0
73,0
69,0
69,0
18,0
10,0
3,0
1,0
35,0
60,0
20,0
3,0
51,0
65,0
21,0
36,0
18,0
14,0
20,0
84,0
65,0
76,0
65,0
65,0
11,0
90,0
80,0
23,0
87,0
84,0
53,0
48,0
46,0
42,0
35,0
9,0
64,0
64,0
54,0
49,0
30,0
7,0
26,0
86,0
80,0
77,0
72,0
70,0
68,0
68,0
63,0
51,0
36,0
34,0
28,0
20,0
15,0
14,0
9,0
83,0
25,0
81,0
80,0
80,0
72,0
6,0
55,0
47,0
43,0
43,0
39,0
20,0
8,0
3,0
3,0
60,1
28,1
67,1
42,0
19,0
9,0
6,0
1,0
15,0
12,1
8,0
79,0
77,0
40,0
41,0
15,0
2,0
3,0
77,0
58,0
84,0
68,0
18,0
62,0
50,0
36,0
78,0
50,0
35,0
21,0
16,0
59,0
43,0
43,0
29,0
22,0
85,0
7,0
36,0
14,0
14,0
20,0
12,0
11,0
11,0
61,0
72,0
47,0
33,0
6,0
6,0
17,1
52,0
8,0
89,0
85,0
57,0
41,0
35,0
55,0
31,0
30,0
18,0
2,0
76,0
72,0
68,0
63,0
55,0
14,0
0,0
49,0
82,0
50,0
50,0
45,0
17,1
16,0
90,0
77,0
54,0
19,0
10,0
10,0
49,0
36,0
19,0
12,0
8,0
