61,0
61,0
58,0
55,0
41,0
38,0
33,0
18,0
11,0
6,0
89,0
88,0
88,0
70,0
68,0
61,0
60,0
59,1
59,0
47,0
41,0
77,1
65,0
65,0
44,1
26,0
26,0
20,0
89,0
61,0
54,0
25,0
7,0
4,0
14,0
1,0
3,0
67,0
45,0
35,0
42,0
32,0
32,0
6,0
56,1
30,0
29,0
27,1
26,0
25,0
66,0
65,0
51,0
17,0
86,0
68,0
65,0
53,0
53,0
53,0
53,0
53,0
39,0
31,0
31,0
24,0
20,0
18,0
30,0
28,0
27,0
27,0
21,0
21,0
16,0
32,0
9,0
9,0
6,0
6,0
6,0
5,0
5,0
5,0
87,0
34,0
21,0
14,0
41,0
29,0
13,0
11,0
38,0
31,0
30,0
28,0
28,0
27,0
27,0
27,0
27,0
26,0
23,0
22,0
22,0
22,1
85,0
84,0
42,0
37,0
16,0
5,0
32,0
86,0
85,0
80,0
79,0
67,0
58,0
57,0
44,0
44,0
37,0
36,0
32,0
24,0
23,1
23,0
22,0
16,0
3,0
3,0
0,0
36,0
26,0
17,0
29,0
4,0
72,0
83,0
72,0
48,0
40,0
31,0
31,0
31,0
31,0
88,0
86,1
76,0
76,0
59,0
53,0
34,0
53,0
84,0
5,0
1,0
13,0
40,0
34,1
66,0
52,0
48,0
38,0
20,0
86,0
75,0
72,0
55,0
54,0
51,0
51,1
35,0
30,0
14,0
8,0
46,0
66,0
62,0
57,0
30,1
29,0
29,0
28,0
85,0
80,0
80,1
67,0
67,0
61,0
60,0
59,0
59,0
32,0
29,0
26,0
25,0
22,0
89,0
67,1
11,0
20,0
64,0
38,0
7,0
30,0
54,0
5,0
6,0
2,0
28,0
21,1
79,0
87,0
77,0
77,0
89,0
11,0
29,0
29,0
88,0
62,0
20,0
3,1
67,1
55,0
54,0
49,0
43,0
35,0
35,1
31,0
10,0
8,1
8,0
3,0
1,0
34,0
34,0
81,1
81,1
81,1
81,0
68,0
42,0
42,0
22,0
22,0
10,0
10,0
8,0
78,0
33,0
23,0
19,1
13,0
78,1
15,0
32,0
14,0
3,0
83,0
36,0
23,0
8,0
8,0
43,0
29,0
26,0
14,0
2,0
36,0
47,0
29,0
70,0
1,0
26,0
3,0
3,0
30,0
67,0
76,0
74,0
45,0
5,0
83,1
75,0
71,0
32,0
32,0
26,0
46,0
27,0
67,0
49,0
32,0
10,0
19,0
52,0
48,0
84,0
83,0
78,0
69,0
68,0
62,0
62,0
60,0
57,0
38,0
38,0
31,0
22,0
21,0
86,0
74,0
60,0
59,0
56,0
4,0
29,0
25,0
54,0
24,0
11,0
0,0
0,0
12,0
43,1
83,0
81,0
76,0
68,0
24,0
84,0
38,0
30,0
19,0
21,0
26,0
25,0
23,0
22,0
19,0
19,0
58,0
37,0
37,0
2,0
48,1
47,0
41,0
19,0
86,0
65,0
54,0
37,0
32,0
31,0
31,0
76,0
70,0
69,0
13,1
13,0
84,0
74,0
39,0
19,0
25,0
22,0
22,0
18,0
82,0
51,0
21,0
21,0
26,0
26,0
6,0
89,0
67,0
13,0
