89,0
58,0
58,0
58,1
58,0
58,0
58,0
58,0
58,0
58,0
58,0
10,0
5,0
39,0
23,0
22,0
5,0
5,0
39,0
39,0
52,0
20,0
8,0
13,0
18,0
24,0
19,0
31,0
18,0
23,0
86,0
27,0
22,0
22,0
72,0
17,0
16,0
79,0
75,0
68,0
15,0
13,0
10,0
10,0
20,0
19,0
70,1
59,0
56,0
56,0
17,0
17,0
24,0
13,0
30,0
30,0
85,0
82,0
67,0
64,0
64,0
64,0
30,0
26,0
26,0
26,0
21,0
16,0
8,0
22,0
22,0
22,0
80,0
74,0
74,0
65,0
61,0
59,0
59,0
59,0
56,0
55,0
55,0
53,0
52,0
52,0
48,0
30,0
27,0
27,0
24,0
23,0
22,0
20,0
13,0
13,0
13,0
12,0
11,1
9,0
18,0
21,0
20,0
20,0
24,0
23,0
23,0
23,0
20,0
27,0
18,0
72,0
54,0
6,0
5,0
34,0
6,0
21,0
19,0
19,0
71,0
70,0
69,0
49,0
47,0
42,0
39,1
19,0
19,0
12,0
5,0
5,0
5,0
0,0
0,0
21,0
20,0
19,0
48,0
36,0
17,0
17,0
19,0
19,0
18,0
15,0
12,0
10,0
51,0
27,0
26,0
22,0
1,0
24,0
24,0
23,0
56,0
41,0
18,0
17,0
56,0
0,0
10,0
8,0
64,0
36,1
19,0
18,0
17,0
20,1
20,0
19,0
6,0
5,0
58,0
47,0
36,0
30,0
23,0
23,0
20,0
68,0
24,0
24,0
23,0
7,0
75,0
75,0
74,0
64,0
53,0
51,0
24,0
22,0
21,0
21,0
21,0
21,0
21,0
21,0
20,0
4,1
22,0
69,0
69,0
70,0
65,0
21,0
24,0
73,0
61,0
35,0
34,0
19,0
19,0
14,0
24,0
23,0
22,0
21,0
22,0
22,0
61,0
61,1
59,1
59,0
55,0
55,0
53,0
53,1
51,0
51,0
30,0
74,0
71,0
69,0
57,0
57,0
52,0
48,0
48,0
21,0
11,0
18,0
15,0
14,0
11,0
32,0
29,0
13,0
9,0
22,0
0,0
20,0
19,0
18,1
18,0
18,0
18,0
18,0
15,0
2,0
1,0
1,0
18,0
19,0
12,0
11,0
11,0
61,0
46,0
32,0
24,0
23,0
23,0
9,0
22,0
23,0
17,0
15,0
48,0
16,0
23,0
19,0
19,0
17,0
8,0
20,0
22,0
17,0
21,0
21,0
38,0
85,0
10,0
18,0
16,0
15,0
80,0
66,0
19,0
19,0
84,0
67,0
61,0
59,0
57,0
3,0
22,0
67,0
54,0
